+0s 1 288.8 -186.172 5 14
+0s 2 -346.472 -248.944 5 14
+0s 3 -352.304 -346.71 5 14
+0s 4 317.82 -122.967 5 14
+0s 5 265.551 -365.878 5 14
+0s 6 -291.5 468.016 5 14
+0s 7 -358.191 296.622 5 14
+0s 8 345.853 58.1015 5 14
+0s 9 98.512 -254.616 5 14
+0s 10 -32.6404 -233.399 5 14
+0s 11 -68.4212 -84.9304 5 14
+0s 12 232.862 -372.627 5 14
+0s 13 154.171 142.183 5 14
+0s 14 250.03 -337.15 5 14
+0s 15 124.535 -105.85 5 14
+0s 16 -115.214 -139.713 5 14
+0s 17 -212.737 -456.83 5 14
+0s 18 -427.367 -257.962 5 14
+0s 19 71.1925 477.606 5 14
+0s 20 -285.76 -87.9499 5 14
+0s 21 -217.981 -379.63 5 14
+0s 22 197.141 254.869 5 14
+0s 23 492.832 -313.674 5 14
+0s 24 -396.744 -271.111 5 14
+0s 25 74.6792 -172.987 5 14
+0s 26 221.167 -410.217 5 14
+0s 27 -430.73 20.2049 5 14
+0s 28 167.852 137.686 5 14
+0s 29 78.8252 29.479 5 14
+0s 30 196.77 237.973 5 14
+0s 31 -213.745 -409.564 5 14
+0s 32 13.4296 344.941 5 14
+0s 33 107.958 -206.491 5 14
+0s 34 -78.8361 484.55 5 14
+0s 35 -133.525 -239.148 5 14
+0s 36 73.9447 340.948 5 14
+0s 37 11.0854 -189.196 5 14
+0s 38 -172.14 142.177 5 14
+0s 39 -255.347 313.689 5 14
+0s 40 -428.006 -231.065 5 14
+0s 41 4.52638 451.203 5 14
+0s 42 412.456 13.6445 5 14
+0s 43 420.752 369.577 5 14
+0s 44 -128.331 188.992 5 14
+0s 45 -168.046 30.9619 5 14
+0s 46 -493.73 -281.807 5 14
+0s 47 73.6655 -349.037 5 14
+0s 48 320.645 331.309 5 14
+0s 49 -406.068 318.611 5 14
+0s 50 -163.611 81.4039 5 14
+0s 51 -90.3273 236.395 5 14
+0s 52 -137.914 -87.4237 5 14
+0s 53 327.408 325.422 5 14
+0s 54 224.94 -356.792 5 14
+0s 55 419.205 -148.916 5 14
+0s 56 30.4298 -267.555 5 14
+0s 57 -48.7531 310.746 5 14
+0s 58 -258.887 106.156 5 14
+0s 59 -126.795 -182.415 5 14
+0s 60 468.483 167.434 5 14
+0s 61 450.799 225.582 5 14
+0s 62 -161.685 329.583 5 14
+0s 63 290.224 -106.564 5 14
+0s 64 -444.567 -348.814 5 14
+0s 65 -384.43 -335.159 5 14
+0s 66 -111.302 23.4225 5 14
+0s 67 35.633 -387.884 5 14
+0s 68 31.5114 83.4099 5 14
+0s 69 -266.12 371.5 5 14
+0s 70 -310.125 363.744 5 14
+0s 71 279.737 142.672 5 14
+0s 72 -8.24814 -50.3384 5 14
+0s 73 406.367 202.001 5 14
+0s 74 46.8767 33.3467 5 14
+0s 75 -362.144 282.046 5 14
+0s 76 269.198 -321.327 5 14
+0s 77 -432.112 248.17 5 14
+0s 78 -307.29 477.09 5 14
+0s 79 -321.6 306.159 5 14
+0s 80 486.8 286.421 5 14
+0s 81 -273.885 -160.051 5 14
+0s 82 -185.469 106.61 5 14
+0s 83 -489.937 62.2626 5 14
+0s 84 -81.4947 151.694 5 14
+0s 85 -311.358 490.976 5 14
+0s 86 -311.067 -347.65 5 14
+0s 87 79.3488 -274.201 5 14
+0s 88 -391.901 385.145 5 14
+0s 89 -494.588 84.7868 5 14
+0s 90 -156.466 244.674 5 14
+0s 91 31.4542 -28.8758 5 14
+0s 92 -254.999 -247.593 5 14
+0s 93 -458.32 -419.703 5 14
+0s 94 455.706 -355.484 5 14
+0s 95 -371.154 -139.575 5 14
+0s 96 130.827 -167.277 5 14
+0s 97 33.9915 334.374 5 14
+0s 98 85.3822 -172.832 5 14
+0s 99 73.6948 306.292 5 14
+0s 100 -255.634 394.7 5 14
+36000s 1 -405.686 -788.482 5 14
+36000s 2 776.64 -216.804 5 14
+36000s 3 -662.087 330.272 5 14
+36000s 4 822.127 668.35 5 14
+36000s 5 291.994 657.479 5 14
+36000s 6 216.499 -270.867 5 14
+36000s 7 -447.198 -917.118 5 14
+36000s 8 671.155 -81.9688 5 14
+36000s 9 693.379 430.333 5 14
+36000s 10 253.929 994.736 5 14
+36000s 11 -750.833 -689.776 5 14
+36000s 12 148.398 187.369 5 14
+36000s 13 179.612 -811.709 5 14
+36000s 14 578.663 946.024 5 14
+36000s 15 -225.689 594.815 5 14
+36000s 16 436.247 930.434 5 14
+36000s 17 -747.386 -389.296 5 14
+36000s 18 -445.478 -496.724 5 14
+36000s 19 -570.712 -719.21 5 14
+36000s 20 -673.991 790.632 5 14
+36000s 21 -462.339 -268.707 5 14
+36000s 22 628.288 -61.5828 5 14
+36000s 23 537.652 -930.61 5 14
+36000s 24 603.934 -121.041 5 14
+36000s 25 287.052 -90.3112 5 14
+36000s 26 800.452 435.529 5 14
+36000s 27 -277.57 -695.845 5 14
+36000s 28 763.502 140.197 5 14
+36000s 29 126.307 -851.813 5 14
+36000s 30 -761.085 -657.24 5 14
+36000s 31 348.383 241.276 5 14
+36000s 32 -659.885 618.462 5 14
+36000s 33 663.513 -681.831 5 14
+36000s 34 619.853 77.1819 5 14
+36000s 35 657.458 -452.988 5 14
+36000s 36 654.567 -45.7041 5 14
+36000s 37 -701.255 -796.954 5 14
+36000s 38 144.535 655.399 5 14
+36000s 39 -427.02 940.915 5 14
+36000s 40 471.654 742.451 5 14
+36000s 41 968.016 -805.319 5 14
+36000s 42 820.487 -93.0953 5 14
+36000s 43 -694.775 841.296 5 14
+36000s 44 630.063 43.3834 5 14
+36000s 45 365.79 -671.643 5 14
+36000s 46 -182.086 -518.274 5 14
+36000s 47 426.66 -433.873 5 14
+36000s 48 -928.785 -727.714 5 14
+36000s 49 259.348 293.979 5 14
+36000s 50 496.135 195.754 5 14
+36000s 51 -121.762 541.619 5 14
+36000s 52 -893.884 -290.235 5 14
+36000s 53 742.031 887.212 5 14
+36000s 54 -182.802 723.761 5 14
+36000s 55 415.975 27.6614 5 14
+36000s 56 -818.87 97.2311 5 14
+36000s 57 -82.1249 870.044 5 14
+36000s 58 767.705 -72.3911 5 14
+36000s 59 193.403 -24.32 5 14
+36000s 60 -734.9 -371.861 5 14
+36000s 61 720.266 -741.85 5 14
+36000s 62 -585.501 795.771 5 14
+36000s 63 -985.396 -210.523 5 14
+36000s 64 -380.72 -946.275 5 14
+36000s 65 76.0821 743.369 5 14
+36000s 66 37.4986 663.939 5 14
+36000s 67 908.263 220.925 5 14
+36000s 68 904.222 -510.661 5 14
+36000s 69 -297.134 -482.894 5 14
+36000s 70 -664.456 -508.664 5 14
+36000s 71 -892.619 994.02 5 14
+36000s 72 -272.211 160.021 5 14
+36000s 73 829.685 299.774 5 14
+36000s 74 834.041 -622.147 5 14
+36000s 75 340.201 676.161 5 14
+36000s 76 -11.401 -763.751 5 14
+36000s 77 -828.834 774.152 5 14
+36000s 78 930.265 321.63 5 14
+36000s 79 459.269 -391.671 5 14
+36000s 80 -955.261 -440.84 5 14
+36000s 81 -859.917 661.575 5 14
+36000s 82 194.701 321.4 5 14
+36000s 83 467.015 504.018 5 14
+36000s 84 -569.391 716.971 5 14
+36000s 85 -923.773 -448.718 5 14
+36000s 86 -981.328 -640.127 5 14
+36000s 87 885.103 -448.766 5 14
+36000s 88 -127.784 453.009 5 14
+36000s 89 412.341 -947.473 5 14
+36000s 90 -215.725 -744.209 5 14
+36000s 91 -207.205 364.017 5 14
+36000s 92 -50.0925 185.993 5 14
+36000s 93 552.317 -176.08 5 14
+36000s 94 406.221 -200.026 5 14
+36000s 95 576.398 -457.437 5 14
+36000s 96 78.9013 853.953 5 14
+36000s 97 607.55 645.397 5 14
+36000s 98 -428.823 633.475 5 14
+36000s 99 -380.955 759.631 5 14
+36000s 100 822.486 623.715 5 14
+72000s 1 -411.185 -571.137 5 14
+72000s 2 9.04359 -258.924 5 14
+72000s 3 -971.985 474.53 5 14
+72000s 4 462.434 51.4895 5 14
+72000s 5 166.153 -166.689 5 14
+72000s 6 689.277 -383.425 5 14
+72000s 7 -991.648 -701.54 5 14
+72000s 8 57.3564 -287.058 5 14
+72000s 9 -457.47 98.8547 5 14
+72000s 10 801.18 16.7868 5 14
+72000s 11 343.069 323.901 5 14
+72000s 12 -341.324 -34.5964 5 14
+72000s 13 304.17 16.1913 5 14
+72000s 14 -325.44 661.99 5 14
+72000s 15 242.808 -697.692 5 14
+72000s 16 161.206 -916.34 5 14
+72000s 17 414.137 847.424 5 14
+72000s 18 -722.453 -739.552 5 14
+72000s 19 -433.497 847.437 5 14
+72000s 20 -956.116 -48.1393 5 14
+72000s 21 -900.793 713.433 5 14
+72000s 22 194.953 -420.547 5 14
+72000s 23 -256.508 -589.858 5 14
+72000s 24 566.45 -388.044 5 14
+72000s 25 530.463 673.363 5 14
+72000s 26 804.012 653.655 5 14
+72000s 27 865.318 404.752 5 14
+72000s 28 -881.686 -371.128 5 14
+72000s 29 164.939 33.2151 5 14
+72000s 30 -834.507 -321.646 5 14
+72000s 31 546.823 -810.785 5 14
+72000s 32 674.69 327.977 5 14
+72000s 33 277.809 526.657 5 14
+72000s 34 -98.8514 -927.114 5 14
+72000s 35 -623.775 206.668 5 14
+72000s 36 -647.874 100.543 5 14
+72000s 37 75.6696 -594.115 5 14
+72000s 38 799.452 77.6322 5 14
+72000s 39 -648.664 -878.654 5 14
+72000s 40 846.893 -52.8622 5 14
+72000s 41 844.628 -47.9068 5 14
+72000s 42 662.61 -434.025 5 14
+72000s 43 986.786 386.269 5 14
+72000s 44 -98.1458 -409.643 5 14
+72000s 45 44.7236 -350.245 5 14
+72000s 46 216.515 758.63 5 14
+72000s 47 -843.364 -971.788 5 14
+72000s 48 685.617 168.86 5 14
+72000s 49 586.555 -556.55 5 14
+72000s 50 243.119 684.707 5 14
+72000s 51 974.099 528.472 5 14
+72000s 52 613.452 -301.363 5 14
+72000s 53 285.938 628.918 5 14
+72000s 54 652.168 -434.535 5 14
+72000s 55 -779.433 419.902 5 14
+72000s 56 396.745 271.175 5 14
+72000s 57 -989.526 -699.559 5 14
+72000s 58 -592.165 413.897 5 14
+72000s 59 369.664 -563.44 5 14
+72000s 60 788.6 608.806 5 14
+72000s 61 63.7951 -335.755 5 14
+72000s 62 -831.178 595.661 5 14
+72000s 63 22.1889 386.919 5 14
+72000s 64 -505.074 -585.649 5 14
+72000s 65 365.035 -413.775 5 14
+72000s 66 -654.746 604.335 5 14
+72000s 67 -725.963 792.559 5 14
+72000s 68 -219.051 320.531 5 14
+72000s 69 -627.091 -278.95 5 14
+72000s 70 -210.66 365.465 5 14
+72000s 71 -514.855 -355.834 5 14
+72000s 72 -450.22 533.153 5 14
+72000s 73 -23.1069 589.439 5 14
+72000s 74 943.272 -351.404 5 14
+72000s 75 558.127 -699.814 5 14
+72000s 76 -891.63 -558.621 5 14
+72000s 77 723.893 -460.817 5 14
+72000s 78 382.533 -198.465 5 14
+72000s 79 -410.509 306.562 5 14
+72000s 80 -81.3827 213.914 5 14
+72000s 81 -896.657 -755.316 5 14
+72000s 82 916.921 -82.1346 5 14
+72000s 83 452.083 -530.109 5 14
+72000s 84 320.444 494.807 5 14
+72000s 85 937.206 277.531 5 14
+72000s 86 -247.117 335.237 5 14
+72000s 87 -170.504 -953.094 5 14
+72000s 88 901.793 -122.444 5 14
+72000s 89 -943.278 141.594 5 14
+72000s 90 92.0187 585.339 5 14
+72000s 91 869.386 -548.125 5 14
+72000s 92 -818.964 -36.5577 5 14
+72000s 93 -404.015 -746.283 5 14
+72000s 94 -895.65 569.313 5 14
+72000s 95 1.25972 -474.295 5 14
+72000s 96 876.977 931.904 5 14
+72000s 97 -469.708 405.991 5 14
+72000s 98 -668.661 -565.729 5 14
+72000s 99 865.505 145.746 5 14
+72000s 100 842.09 624.601 5 14
+108000s 1 875.69 -321.474 5 14
+108000s 2 -864.366 -415.03 5 14
+108000s 3 -866.598 -655.953 5 14
+108000s 4 822.983 656.126 5 14
+108000s 5 -806.548 895.213 5 14
+108000s 6 333.654 -925.799 5 14
+108000s 7 -177.541 -991.644 5 14
+108000s 8 366.296 166.627 5 14
+108000s 9 1.7689 871.872 5 14
+108000s 10 443.585 965.835 5 14
+108000s 11 -913.563 -206.095 5 14
+108000s 12 594.452 427.063 5 14
+108000s 13 204.433 -308.751 5 14
+108000s 14 821.1 301.73 5 14
+108000s 15 -321.653 -556.7 5 14
+108000s 16 902.838 -795.074 5 14
+108000s 17 174.148 -616.022 5 14
+108000s 18 -141.476 -68.7535 5 14
+108000s 19 -777.008 722.223 5 14
+108000s 20 -738.642 762.976 5 14
+108000s 21 95.3249 -621.292 5 14
+108000s 22 838.857 580.564 5 14
+108000s 23 908.662 -289.513 5 14
+108000s 24 -250.494 455.09 5 14
+108000s 25 947.75 378.869 5 14
+108000s 26 297.985 60.3537 5 14
+108000s 27 878.263 262.97 5 14
+108000s 28 -19.5371 871.014 5 14
+108000s 29 -50.895 850.447 5 14
+108000s 30 111.439 880.086 5 14
+108000s 31 532.293 -728.799 5 14
+108000s 32 -640.421 -492.712 5 14
+108000s 33 -207.898 764.799 5 14
+108000s 34 -466.486 -998.47 5 14
+108000s 35 705.116 -414.469 5 14
+108000s 36 -411.832 -736.725 5 14
+108000s 37 53.695 111.113 5 14
+108000s 38 709.749 -431.023 5 14
+108000s 39 864.486 -756.661 5 14
+108000s 40 -898.452 -648.582 5 14
+108000s 41 451.268 -499.606 5 14
+108000s 42 -335.406 581.403 5 14
+108000s 43 -383.254 375.242 5 14
+108000s 44 -205.059 727.75 5 14
+108000s 45 -481.575 -827.993 5 14
+108000s 46 -677.037 -431.033 5 14
+108000s 47 653.902 -977.481 5 14
+108000s 48 -520.194 -27.5698 5 14
+108000s 49 898.316 -947.707 5 14
+108000s 50 995.227 -767.487 5 14
+108000s 51 -739.008 -362.06 5 14
+108000s 52 924.051 -845.681 5 14
+108000s 53 -82.1563 902.123 5 14
+108000s 54 -16.9714 -66.0528 5 14
+108000s 55 946.193 -39.2205 5 14
+108000s 56 759.697 -303.179 5 14
+108000s 57 -902.064 985.012 5 14
+108000s 58 587.399 907.954 5 14
+108000s 59 36.1096 626.882 5 14
+108000s 60 -801.072 558.489 5 14
+108000s 61 -392.144 -366.286 5 14
+108000s 62 -924.18 860.656 5 14
+108000s 63 -886.316 449.665 5 14
+108000s 64 -911.914 -619.788 5 14
+108000s 65 916.214 549.066 5 14
+108000s 66 165.178 965.582 5 14
+108000s 67 -318.567 358.448 5 14
+108000s 68 -869.571 685.434 5 14
+108000s 69 695.382 548.689 5 14
+108000s 70 -987.146 -152.974 5 14
+108000s 71 -999.883 186.477 5 14
+108000s 72 -612.782 -443.048 5 14
+108000s 73 525.534 773.074 5 14
+108000s 74 -912.743 -864.297 5 14
+108000s 75 938.754 307.565 5 14
+108000s 76 883.538 -508.568 5 14
+108000s 77 223.549 -57.5966 5 14
+108000s 78 -140.749 954.864 5 14
+108000s 79 -703.762 -266.903 5 14
+108000s 80 741.096 -405.02 5 14
+108000s 81 904.695 -509.862 5 14
+108000s 82 -123.882 -992.493 5 14
+108000s 83 165.125 979.31 5 14
+108000s 84 -886.723 -492.977 5 14
+108000s 85 4.90315 -868.062 5 14
+108000s 86 -514.921 -709.752 5 14
+108000s 87 622.74 326.239 5 14
+108000s 88 -228.43 853.843 5 14
+108000s 89 -280.106 345.448 5 14
+108000s 90 -336.119 775.213 5 14
+108000s 91 848.297 -328.913 5 14
+108000s 92 -490.57 257.026 5 14
+108000s 93 -862.384 175.589 5 14
+108000s 94 -105.8 -308.871 5 14
+108000s 95 -136.089 388.023 5 14
+108000s 96 614.341 330.046 5 14
+108000s 97 -720.649 969.601 5 14
+108000s 98 333.162 -255.914 5 14
+108000s 99 -147.575 330.124 5 14
+108000s 100 -785.731 -952.002 5 14
+144000s 1 600.393 922.096 5 14
+144000s 2 727.884 -147.06 5 14
+144000s 3 349.919 -522.608 5 14
+144000s 4 260.883 -808.501 5 14
+144000s 5 -416.322 -518.331 5 14
+144000s 6 328.059 165.22 5 14
+144000s 7 234.525 260.88 5 14
+144000s 8 -359.393 500.695 5 14
+144000s 9 179.343 227.251 5 14
+144000s 10 -268.077 -904.997 5 14
+144000s 11 -995.948 -730.352 5 14
+144000s 12 446.731 343.298 5 14
+144000s 13 728.447 717.362 5 14
+144000s 14 75.7125 -849.022 5 14
+144000s 15 -35.1831 371.231 5 14
+144000s 16 468.751 -815.003 5 14
+144000s 17 -470.903 488.428 5 14
+144000s 18 693.732 366.412 5 14
+144000s 19 -168.481 -829.641 5 14
+144000s 20 823.038 620.294 5 14
+144000s 21 328.205 756.548 5 14
+144000s 22 12.046 -204.138 5 14
+144000s 23 -480.78 514.377 5 14
+144000s 24 -743.357 251.46 5 14
+144000s 25 682.682 -213.209 5 14
+144000s 26 -112.073 -196.003 5 14
+144000s 27 712.646 890.463 5 14
+144000s 28 -274.338 -334.2 5 14
+144000s 29 64.802 -611.053 5 14
+144000s 30 777.132 104.527 5 14
+144000s 31 -539.294 -693.335 5 14
+144000s 32 567.277 -843.243 5 14
+144000s 33 -527.986 -308.559 5 14
+144000s 34 47.4364 965.471 5 14
+144000s 35 -930.871 -329.694 5 14
+144000s 36 279.93 -861.548 5 14
+144000s 37 654.133 970.339 5 14
+144000s 38 792.278 -526.98 5 14
+144000s 39 -197.293 645.153 5 14
+144000s 40 -154.607 498.286 5 14
+144000s 41 822.187 229.959 5 14
+144000s 42 384.056 211.136 5 14
+144000s 43 -181.398 -806.83 5 14
+144000s 44 49.3507 140.487 5 14
+144000s 45 349.112 15.7051 5 14
+144000s 46 -558.61 276.796 5 14
+144000s 47 -247.924 -527.929 5 14
+144000s 48 -339.218 -939.268 5 14
+144000s 49 -604.216 -485.138 5 14
+144000s 50 -51.8683 -166.107 5 14
+144000s 51 525.427 860.225 5 14
+144000s 52 105.911 549.978 5 14
+144000s 53 -306.391 -790.127 5 14
+144000s 54 -308.081 622.132 5 14
+144000s 55 53.6771 711.492 5 14
+144000s 56 -998.118 -627.187 5 14
+144000s 57 444.481 733.398 5 14
+144000s 58 -922.412 202.228 5 14
+144000s 59 412.79 -4.46946 5 14
+144000s 60 -30.6335 -69.6017 5 14
+144000s 61 -374.328 399.966 5 14
+144000s 62 -749.878 127.693 5 14
+144000s 63 669.637 687.415 5 14
+144000s 64 -672.292 482.681 5 14
+144000s 65 681.634 -157.297 5 14
+144000s 66 -865.009 220.227 5 14
+144000s 67 -593.709 554.233 5 14
+144000s 68 298.118 -784.221 5 14
+144000s 69 496.641 -724.571 5 14
+144000s 70 -513.43 -260.857 5 14
+144000s 71 -461.432 -393.149 5 14
+144000s 72 576.832 403.867 5 14
+144000s 73 785.806 -53.7303 5 14
+144000s 74 -234.789 276.571 5 14
+144000s 75 66.0597 -319.807 5 14
+144000s 76 -633.031 -311.394 5 14
+144000s 77 533.208 616.281 5 14
+144000s 78 278.455 355.704 5 14
+144000s 79 -853.631 34.012 5 14
+144000s 80 -738.986 148.349 5 14
+144000s 81 -955.646 -603.049 5 14
+144000s 82 -311.472 372.013 5 14
+144000s 83 591.307 913.477 5 14
+144000s 84 -769.193 994.251 5 14
+144000s 85 -247.44 -89.2211 5 14
+144000s 86 -47.3354 -678.972 5 14
+144000s 87 537.058 -630.454 5 14
+144000s 88 -554.597 -731.635 5 14
+144000s 89 566.458 845.084 5 14
+144000s 90 182.781 -58.0503 5 14
+144000s 91 195.867 10.1633 5 14
+144000s 92 564.012 -198.598 5 14
+144000s 93 -937.17 -315.152 5 14
+144000s 94 98.3507 -392.087 5 14
+144000s 95 -435.538 307.487 5 14
+144000s 96 429.793 -747.067 5 14
+144000s 97 952.862 814.224 5 14
+144000s 98 -317.36 -25.1109 5 14
+144000s 99 964.449 -806.195 5 14
+144000s 100 -172.582 -23.148 5 14
+1440s 1 511.807 -281.68 5 14
+1440s 2 -54.8695 -221.437 5 14
+1440s 3 724.811 -514.023 5 14
+1440s 4 -883.52 -166.125 5 14
+1440s 5 939.551 899.686 5 14
+1440s 6 544.053 -966.08 5 14
+1440s 7 -72.1582 834.546 5 14
+1440s 8 723.437 -651.229 5 14
+1440s 9 560.162 -517.432 5 14
+1440s 10 19.1491 840.782 5 14
+1440s 11 -501.312 -521.425 5 14
+1440s 12 703.995 806.796 5 14
+1440s 13 951.572 394.644 5 14
+1440s 14 -81.0658 396.632 5 14
+1440s 15 -192.418 263.824 5 14
+1440s 16 -274.793 -925.295 5 14
+1440s 17 -687.191 -928.899 5 14
+1440s 18 -364.742 6.5048 5 2
+1440s 19 454.811 -919.474 5 14
+1440s 20 129.595 -394.563 5 14
+1440s 21 352.323 274.269 5 14
+1440s 22 816.652 978.608 5 14
+1440s 23 955.544 -812.869 5 14
+1440s 24 -194.053 66.0121 5 14
+1440s 25 -752.403 47.5285 5 14
+1440s 26 398.153 143.1 5 14
+1440s 27 698.919 475.353 5 14
+1440s 28 647.376 538.642 5 14
+1440s 29 -84.6192 -341.451 5 14
+1440s 30 895.254 -480.593 5 14
+1440s 31 -626.852 960.521 5 14
+1440s 32 -614.521 -785.024 5 14
+1440s 33 -466.918 -521.939 5 14
+1440s 34 815.308 -850.067 5 14
+1440s 35 202.551 915.473 5 14
+1440s 36 -652.34 -375.632 5 14
+1440s 37 275.517 56.6901 5 14
+1440s 38 465.198 431.348 5 14
+1440s 39 -161.497 -605.117 5 14
+1440s 40 -813.163 -259.7 5 14
+1440s 41 -675.513 96.7562 5 14
+1440s 42 -801.18 97.6427 5 14
+1440s 43 527.729 929.179 5 14
+1440s 44 200.521 -353.174 5 14
+1440s 45 -342.146 346.648 5 14
+1440s 46 949.57 -389.847 5 14
+1440s 47 -622.076 -747.377 5 14
+1440s 48 676.769 222.649 5 14
+1440s 49 880.87 529.099 5 14
+1440s 50 369.061 377.515 5 14
+1440s 51 707.377 584.782 5 14
+1440s 52 324.781 20.9382 5 14
+1440s 53 476.962 -845.942 5 14
+1440s 54 475.542 45.8093 5 14
+1440s 55 -749.595 7.41187 5 14
+1440s 56 595.199 758.724 5 14
+1440s 57 -648.055 677.488 5 14
+1440s 58 924.306 867.587 5 14
+1440s 59 937.389 689.494 5 14
+1440s 60 -101.499 -511.473 5 14
+1440s 61 78.3685 654.358 5 14
+1440s 62 -681.168 773.272 5 14
+1440s 63 -900.059 148.052 5 14
+1440s 64 673.438 178.397 5 14
+1440s 65 994.251 -148.067 5 14
+1440s 66 -420.185 -401.569 5 14
+1440s 67 224.223 593.58 5 14
+1440s 68 -164.978 495.429 5 14
+1440s 69 195.707 260.715 5 14
+1440s 70 -33.3132 4.5733 5 14
+1440s 71 -956.067 -810.789 5 14
+1440s 72 352.826 298.087 5 14
+1440s 73 568.002 866.033 5 14
+1440s 74 -758.011 496.521 5 14
+1440s 75 -327.64 835.799 5 14
+1440s 76 -915.084 -590.491 5 14
+1440s 77 171.878 831.395 5 14
+1440s 78 -495.922 -288.094 5 14
+1440s 79 -614.008 438.64 5 14
+1440s 80 -451.862 -767.05 5 14
+1440s 81 -697.695 646.481 5 14
+1440s 82 -26.7978 -165.218 5 14
+1440s 83 -390.505 -775.703 5 14
+1440s 84 750.73 -18.2333 5 14
+1440s 85 440.088 420.135 5 14
+1440s 86 -60.0886 670.15 5 14
+1440s 87 156.163 470.412 5 14
+1440s 88 961.809 36.9133 5 14
+1440s 89 807.702 932.387 5 14
+1440s 90 172.379 316.412 5 14
+1440s 91 822.208 -979.728 5 2
+1440s 92 315.917 880.901 5 14
+1440s 93 434.187 -149.855 5 14
+1440s 94 8.1957 -763.386 5 14
+1440s 95 882.235 -255.731 5 14
+1440s 96 24.78 626.612 5 14
+1440s 97 963.996 -334.234 5 14
+1440s 98 538.172 -359.179 5 14
+1440s 99 822.685 -520.075 5 14
+1440s 100 -987.278 -682.448 5 14
+1440s 101 -56.949 68.4141 5 14
+1440s 102 403.659 454.702 5 14
+1440s 103 143.252 -599.038 5 14
+1440s 104 -960.538 -391.397 5 14
+1440s 105 740.067 -951.167 5 14
+1440s 106 -834.623 -979.61 5 14
+1440s 107 692.673 -613.959 5 14
+1440s 108 -931.483 197.704 5 14
+1440s 109 785.756 -336.467 5 14
+1440s 110 159.907 -436.032 5 14
+1440s 111 -948.566 -677.867 5 14
+1440s 112 682.782 58.6461 5 14
+1440s 113 832.185 -452.776 5 14
+1440s 114 -863.169 -225.993 5 14
+1440s 115 -63.1547 10.1522 5 14
+1440s 116 360.827 875.252 5 14
+1440s 117 534.011 -39.1143 5 14
+1440s 118 -176.741 772.529 5 14
+1440s 119 117.827 392.318 5 14
+1440s 120 602.097 -206.293 5 14
+1440s 121 -976.432 -663.991 5 14
+1440s 122 837.903 51.4752 5 14
+1440s 123 -814.778 374.582 5 14
+1440s 124 -729.778 -798.536 5 14
+1440s 125 871.022 240.143 5 14
+1440s 126 338.171 596.178 5 14
+1440s 127 -320.302 62.8242 5 14
+1440s 128 430.712 564.703 5 14
+1440s 129 591.743 237.444 5 14
+1440s 130 670.917 -929.258 5 14
+1440s 131 -910.188 480.496 5 14
+1440s 132 489.857 -771.708 5 14
+1440s 133 150.194 -485.915 5 14
+1440s 134 -170.616 -598.863 5 14
+1440s 135 481.624 77.1983 5 14
+1440s 136 798.388 432.759 5 14
+1440s 137 -11.3433 -31.6016 5 14
+1440s 138 604.293 838.572 5 14
+1440s 139 959.662 512.065 5 14
+1440s 140 546.48 -322.988 5 14
+1440s 141 553.315 450.12 5 14
+1440s 142 223.464 129.973 5 14
+1440s 143 -558.33 -585.656 5 14
+1440s 144 180.458 224.845 5 14
+1440s 145 980.841 695.748 5 14
+1440s 146 268.996 -314.401 5 14
+1440s 147 -726.532 362.395 5 14
+1440s 148 275.59 -965.891 5 14
+1440s 149 987.571 -975.546 5 14
+1440s 150 324.318 -647.871 5 14
+1440s 151 -755.857 817.315 5 14
+1440s 152 -796.164 -70.7119 5 14
+1440s 153 453.902 -422.852 5 14
+1440s 154 335.35 -553.59 5 14
+1440s 155 81.9556 -260.461 5 14
+1440s 156 -237.737 -982.45 5 14
+1440s 157 -103.992 -905.073 5 14
+1440s 158 411.149 546.177 5 14
+1440s 159 55.2836 -642.656 5 2
+1440s 160 -507.315 -887.457 5 14
+1440s 161 653.884 -697.874 5 14
+1440s 162 941.604 915.253 5 14
+1440s 163 -929.543 -691.221 5 14
+1440s 164 90.5452 -981.848 5 14
+1440s 165 494.79 438.327 5 14
+1440s 166 795.646 -42.6975 5 14
+1440s 167 -257.026 -457.74 5 14
+1440s 168 -197.39 935.138 5 14
+1440s 169 812.314 -445.793 5 14
+1440s 170 990.336 373.33 5 14
+1440s 171 -167.857 806.587 5 14
+1440s 172 837.239 -280.524 5 14
+1440s 173 151.751 285.395 5 14
+1440s 174 -635.966 -891.219 5 14
+1440s 175 619.953 -613.969 5 14
+1440s 176 -798.145 258.153 5 14
+1440s 177 -328.26 893.121 5 14
+1440s 178 -590.733 945.24 5 14
+1440s 179 -519.875 -827.355 5 14
+1440s 180 -541.259 787.913 5 14
+1440s 181 45.8718 -795.629 5 14
+1440s 182 213.016 924.344 5 14
+1440s 183 -966.718 986.97 5 14
+1440s 184 948.295 -895.265 5 14
+1440s 185 802.02 -417.392 5 14
+1440s 186 -872.643 -528.554 5 14
+1440s 187 -749.918 -417.695 5 14
+1440s 188 -768.386 386.732 5 14
+1440s 189 -906.599 -701.34 5 14
+1440s 190 59.5522 733.052 5 14
+1440s 191 496.775 179.93 5 14
+1440s 192 829.603 -770.131 5 14
+1440s 193 894.899 583.373 5 14
+1440s 194 -800.274 316.018 5 14
+1440s 195 351.954 -752.229 5 14
+1440s 196 260.983 -85.511 5 14
+1440s 197 -216.963 -640.074 5 14
+1440s 198 -954.364 645.197 5 14
+1440s 199 46.9497 -509.942 5 14
+1440s 200 536.739 475.966 5 14
+1440s 201 316.047 812.841 5 14
+1440s 202 -294.785 -310.54 5 14
+1440s 203 344.806 -891.891 5 14
+1440s 204 713.99 -985.499 5 14
+1440s 205 507.236 -227.064 5 2
+1440s 206 866.656 613.298 5 14
+1440s 207 598.693 155.092 5 14
+1440s 208 466.317 -378.535 5 14
+1440s 209 113.734 -694.021 5 14
+1440s 210 -247.843 502.385 5 14
+1440s 211 890.844 -414.103 5 14
+1440s 212 601.75 -607.86 5 14
+1440s 213 381.974 -510.186 5 14
+1440s 214 474.868 237.941 5 14
+1440s 215 -693.293 -601.422 5 14
+1440s 216 155.171 436.614 5 14
+1440s 217 -785.592 522.818 5 14
+1440s 218 -272.598 -222.553 5 14
+1440s 219 846.793 632.566 5 14
+1440s 220 -185.314 -926.352 5 14
+1440s 221 -80.9311 90.2862 5 14
+1440s 222 873.866 615.319 5 14
+1440s 223 -968.45 886.045 5 14
+1440s 224 235.003 -530.225 5 14
+1440s 225 -708.074 835.791 5 14
+1440s 226 -264.748 470.393 5 14
+1440s 227 -910.619 951.248 5 14
+1440s 228 -893.277 345.114 5 14
+1440s 229 271.878 -406.077 5 14
+1440s 230 977.93 946.05 5 14
+1440s 231 -689.142 687.8 5 14
+1440s 232 385.943 -799.485 5 14
+1440s 233 164.313 -344.061 5 14
+1440s 234 555.162 -200.911 5 14
+1440s 235 -166.438 590.164 5 14
+1440s 236 572.579 649.11 5 14
+1440s 237 -274.428 284.602 5 14
+1440s 238 622.943 -597.839 5 14
+1440s 239 -802.418 -695.276 5 14
+1440s 240 -558.047 -442.4 5 14
+1440s 241 366.237 594.494 5 14
+1440s 242 308.537 970.51 5 14
+1440s 243 345.791 303.306 5 14
+1440s 244 431.271 -517.675 5 14
+1440s 245 -285.058 618.656 5 14
+1440s 246 100.459 880.726 5 14
+1440s 247 161.262 -468.86 5 14
+1440s 248 -417.622 -588.944 5 14
+1440s 249 -275.916 -559.265 5 14
+1440s 250 475.581 11.1994 5 14
+1440s 251 770.064 -500.462 5 14
+1440s 252 -292.585 -285.606 5 14
+1440s 253 574.139 204.447 5 14
+1440s 254 -331.744 258.674 5 14
+1440s 255 -693.706 433.748 5 14
+1440s 256 727.752 367.207 5 14
+1440s 257 555.142 -386.05 5 14
+1440s 258 -560.873 -915.179 5 14
+1440s 259 -156.828 874.568 5 14
+1440s 260 -184.955 473.681 5 14
+1440s 261 -900.134 344.546 5 14
+1440s 262 964.753 -32.002 5 14
+1440s 263 436.942 -98.7968 5 14
+1440s 264 -938.46 935.435 5 14
+1440s 265 603.281 543.911 5 14
+1440s 266 914.781 -717.764 5 14
+1440s 267 43.5582 -824.736 5 14
+1440s 268 8.53887 -130.764 5 14
+1440s 269 -322.027 -160.539 5 14
+1440s 270 -303.195 -364.902 5 14
+1440s 271 567.292 -641.404 5 14
+1440s 272 81.1037 -81.82 5 14
+1440s 273 544.859 -350.01 5 14
+1440s 274 -359.439 -371.845 5 14
+1440s 275 191.732 156.539 5 14
+1440s 276 -726.932 277.05 5 14
+1440s 277 542.55 -4.48832 5 14
+1440s 278 -211.894 98.9247 5 14
+1440s 279 337.121 -171.761 5 14
+1440s 280 853.081 497.531 5 14
+1440s 281 -700.137 482.707 5 14
+1440s 282 -65.7538 -235.466 5 14
+1440s 283 861.967 -746.798 5 14
+1440s 284 830.147 878.957 5 14
+1440s 285 339.306 723.447 5 14
+1440s 286 75.7658 -353.73 5 14
+1440s 287 -567.863 -512.921 5 14
+1440s 288 267.102 -333.192 5 14
+1440s 289 38.7099 -293.167 5 14
+1440s 290 -318.879 691.395 5 14
+1440s 291 359.455 -654.363 5 14
+1440s 292 262.678 -125.222 5 14
+1440s 293 390.336 701.801 5 14
+1440s 294 857.656 -127.229 5 14
+1440s 295 521.348 -916.201 5 14
+1440s 296 192.703 -568.461 5 14
+1440s 297 -673.573 -588.293 5 14
+1440s 298 -36.5298 -345.756 5 14
+1440s 299 903.336 -909.781 5 14
+1440s 300 -615.342 -449.313 5 14
+1440s 301 -983.196 515.648 5 14
+1440s 302 505.967 -425.463 5 14
+1440s 303 0.532856 -210.873 5 14
+1440s 304 77.3448 -104.992 5 14
+1440s 305 127.589 -435.73 5 14
+1440s 306 24.2146 725.728 5 14
+1440s 307 665.376 162.667 5 14
+1440s 308 51.9465 -641.568 5 14
+1440s 309 -903.111 472.762 5 2
+1440s 310 438.366 757.191 5 14
+1440s 311 349.014 129.81 5 14
+1440s 312 782.914 927.415 5 14
+1440s 313 418.464 -734.405 5 14
+1440s 314 400.587 -504.684 5 14
+1440s 315 -596.027 -902.396 5 14
+1440s 316 195.467 6.49582 5 14
+1440s 317 -900.351 345.426 5 14
+1440s 318 -871.063 -568.437 5 14
+1440s 319 -292.794 -785.04 5 14
+1440s 320 -6.82914 964.492 5 14
+1440s 321 338.18 -223.735 5 14
+1440s 322 462.818 -473.903 5 14
+1440s 323 25.2252 806.147 5 14
+1440s 324 -237.555 -158.856 5 14
+1440s 325 511.831 -377.162 5 14
+1440s 326 -140.129 -417.888 5 14
+1440s 327 -994.77 -545.824 5 14
+1440s 328 -391.483 643.643 5 14
+1440s 329 -893.426 -128.367 5 14
+1440s 330 910.576 613.09 5 14
+1440s 331 -264.666 806.148 5 14
+1440s 332 -643.257 -820.516 5 14
+1440s 333 657.507 205.207 5 14
+1440s 334 -19.625 341.794 5 14
+1440s 335 -68.0862 820.443 5 14
+1440s 336 -164.459 -587.317 5 14
+1440s 337 685.704 442.03 5 14
+1440s 338 -722.56 -553.323 5 14
+1440s 339 249.871 227.074 5 14
+1440s 340 516.47 983.586 5 14
+1440s 341 -645.354 655.515 5 14
+1440s 342 -838.375 956.979 5 14
+1440s 343 957.762 428.861 5 14
+1440s 344 106.689 753.059 5 14
+1440s 345 215.181 -370.23 5 14
+1440s 346 11.0607 -38.9204 5 14
+1440s 347 936.312 -827.062 5 14
+1440s 348 -659.885 -8.48287 5 14
+1440s 349 588.758 -623.825 5 14
+1440s 350 963.249 918.369 5 14
+1440s 351 996.709 451.598 5 14
+1440s 352 999.068 289.741 5 14
+1440s 353 845.408 305.799 5 14
+1440s 354 229.782 708.683 5 14
+1440s 355 19.2272 446.805 5 14
+1440s 356 87.0302 -938.246 5 14
+1440s 357 440.523 532.973 5 14
+1440s 358 -380.869 -471.955 5 14
+1440s 359 385.483 666.256 5 14
+1440s 360 -973.094 458.847 5 14
+1440s 361 -508.296 -659.102 5 14
+1440s 362 -479.544 511.438 5 14
+1440s 363 -408.634 -501.249 5 14
+1440s 364 592.741 559.208 5 14
+1440s 365 -434.278 803.733 5 14
+1440s 366 -294.098 803.208 5 14
+1440s 367 -806.95 411.418 5 14
+1440s 368 255.539 366.247 5 14
+1440s 369 -2.04991 -409.494 5 14
+1440s 370 572.283 -961.809 5 14
+1440s 371 511.989 71.7063 5 14
+1440s 372 -578.071 -349.199 5 14
+1440s 373 538.069 -592.883 5 14
+1440s 374 108.27 -618.468 5 14
+1440s 375 -354.535 -120.617 5 14
+1440s 376 411.833 -892.568 5 14
+1440s 377 -765.174 974.68 5 14
+1440s 378 -253.081 -324.759 5 14
+1440s 379 -50.3564 612.536 5 14
+1440s 380 -40.2256 -649.658 5 14
+1440s 381 427.791 -353.494 5 14
+1440s 382 -968.715 -980.53 5 14
+1440s 383 -539.149 -238.152 5 14
+1440s 384 -134.199 -633.482 5 14
+1440s 385 -638.767 21.5299 5 14
+1440s 386 73.9802 69.5435 5 14
+1440s 387 154.438 -934.864 5 14
+1440s 388 970.478 182.587 5 14
+1440s 389 54.1706 247.309 5 14
+1440s 390 349.049 -141.788 5 14
+1440s 391 544.466 91.4384 5 14
+1440s 392 -327.591 920.774 5 14
+1440s 393 -387.302 616.063 5 14
+1440s 394 -475.142 -551.179 5 14
+1440s 395 -372.46 -225.978 5 14
+1440s 396 140.819 -296.03 5 14
+1440s 397 -914.436 71.5396 5 14
+1440s 398 -109.213 120.303 5 14
+1440s 399 3.57158 0.268727 5 14
+1440s 400 195.756 141.089 5 14
+1440s 401 144.261 -442.965 5 14
+1440s 402 517.403 558.026 5 14
+1440s 403 757.904 712.668 5 14
+1440s 404 914.766 -841.166 5 14
+1440s 405 782.594 -208.513 5 14
+1440s 406 -329.304 356.5 5 14
+1440s 407 766.538 -381.605 5 14
+1440s 408 889.05 361.777 5 14
+1440s 409 -354.187 -389.229 5 14
+1440s 410 -121.316 -768.232 5 14
+1440s 411 244.588 946.807 5 14
+1440s 412 -968.692 234.177 5 2
+1440s 413 -477.61 917.192 5 14
+1440s 414 -424.015 -957.924 5 14
+1440s 415 295.915 722.773 5 14
+1440s 416 -319.802 -903.397 5 14
+1440s 417 897.707 478.294 5 14
+1440s 418 -488.17 405.284 5 14
+1440s 419 103.399 553.58 5 14
+1440s 420 860.887 334.119 5 14
+1440s 421 -166.972 -657.13 5 2
+1440s 422 -779.57 -253.973 5 14
+1440s 423 -79.3156 -37.0351 5 14
+1440s 424 831.655 -402.07 5 14
+1440s 425 419.387 -893.402 5 14
+1440s 426 727.496 874.672 5 14
+1440s 427 300.144 166.782 5 14
+1440s 428 -798.752 63.2332 5 14
+1440s 429 462.38 738.772 5 14
+1440s 430 152.693 110.377 5 14
+1440s 431 723.887 -190.495 5 14
+1440s 432 420.141 -253.436 5 14
+1440s 433 -385.869 -257.286 5 14
+1440s 434 499.834 -14.7639 5 14
+1440s 435 -942.804 17.0084 5 14
+1440s 436 -305.064 -234.672 5 14
+1440s 437 203.154 189.04 5 14
+1440s 438 -470.841 -997.154 5 14
+1440s 439 -694.336 -113.948 5 14
+1440s 440 -268.325 789.494 5 14
+1440s 441 -334.177 984.516 5 14
+1440s 442 899.336 -353.935 5 14
+1440s 443 -802.512 901.175 5 14
+1440s 444 -449.977 601.866 5 14
+1440s 445 375.195 -1.22647 5 14
+1440s 446 -524.276 -307.078 5 14
+1440s 447 139.689 815.518 5 14
+1440s 448 -950.873 -458.295 5 14
+1440s 449 -989.068 803.354 5 14
+1440s 450 658.228 611.557 5 14
+1440s 451 314.478 -536.864 5 14
+1440s 452 492.002 245.89 5 14
+1440s 453 266.426 389.196 5 14
+1440s 454 710.757 -475.7 5 14
+1440s 455 162.699 722.451 5 14
+1440s 456 987.866 -446.169 5 14
+1440s 457 -414.718 614.643 5 14
+1440s 458 167.736 586.299 5 14
+1440s 459 830.418 220.318 5 14
+1440s 460 -689.75 -865.927 5 14
+1440s 461 -61.7436 714.338 5 14
+1440s 462 -245.559 -177.935 5 14
+1440s 463 -889.023 -667.927 5 14
+1440s 464 -567.594 671.275 5 14
+1440s 465 -671.475 669.335 5 14
+1440s 466 -625.488 274.756 5 14
+1440s 467 762.952 -119.517 5 14
+1440s 468 -59.7197 -621.312 5 14
+1440s 469 -140.741 -292.822 5 14
+1440s 470 576.638 397.017 5 14
+1440s 471 868.12 -605.043 5 14
+1440s 472 -693.822 -61.7051 5 14
+1440s 473 511.625 -76.0335 5 14
+1440s 474 -918.302 -402.727 5 14
+1440s 475 -260.197 886.83 5 14
+1440s 476 -76.7475 -987.172 5 14
+1440s 477 12.9331 400.384 5 14
+1440s 478 -887.992 -155.043 5 14
+1440s 479 -369.221 -536.76 5 14
+1440s 480 473.026 -378.762 5 14
+1440s 481 -459.001 -265.355 5 14
+1440s 482 871.053 299.944 5 14
+1440s 483 813.025 -975.531 5 14
+1440s 484 31.4882 -741.135 5 14
+1440s 485 -918.879 244.518 5 14
+1440s 486 502.338 -815.616 5 14
+1440s 487 356.797 -398.761 5 14
+1440s 488 612.722 670.057 5 14
+1440s 489 493.344 465.402 5 14
+1440s 490 -76.4828 352.646 5 14
+1440s 491 341.876 -898.647 5 14
+1440s 492 -381.004 469.39 5 14
+1440s 493 -770.234 -406.066 5 14
+1440s 494 -657.257 679.819 5 14
+1440s 495 -883.767 -446.68 5 14
+1440s 496 321.451 -152.115 5 14
+1440s 497 -926.127 67.9651 5 14
+1440s 498 217.703 197.216 5 14
+1440s 499 -520.376 122.021 5 14
+1440s 500 595.76 -455.689 5 14
+1440s 501 -175.852 105.087 5 14
+1440s 502 636.762 -826.888 5 14
+1440s 503 -839.752 -103.959 5 14
+1440s 504 881.715 -230.409 5 14
+1440s 505 777.759 749.194 5 14
+1440s 506 630.83 -779.101 5 14
+1440s 507 64.6377 -684.005 5 14
+1440s 508 500.912 -307.358 5 14
+1440s 509 818.288 516.75 5 14
+1440s 510 -108.368 29.9272 5 14
+1440s 511 -542.467 -928.192 5 14
+1440s 512 390.891 272.75 5 14
+1440s 513 -541.164 732.649 5 14
+1440s 514 -583.029 245.382 5 14
+1440s 515 -137.428 -299.499 5 14
+1440s 516 -25.5465 489.639 5 14
+1440s 517 -636.278 599.663 5 14
+1440s 518 -206.64 -184.627 5 14
+1440s 519 835.412 -107.942 5 14
+1440s 520 -711.218 144.829 5 14
+1440s 521 -239.556 836.83 5 14
+1440s 522 -436.801 547.582 5 14
+1440s 523 -478.24 881.237 5 14
+1440s 524 -388.292 -450.306 5 14
+1440s 525 909.079 -713.492 5 14
+1440s 526 659.879 -332.092 5 14
+1440s 527 101.575 717.155 5 14
+1440s 528 -670.445 -293.259 5 14
+1440s 529 700.274 667.337 5 14
+1440s 530 -568.476 -565.19 5 14
+1440s 531 -49.6079 -523.215 5 14
+1440s 532 -492.123 450.352 5 14
+1440s 533 955.544 363.897 5 14
+1440s 534 -257.653 622.131 5 14
+1440s 535 198.921 -388.079 5 14
+1440s 536 -1.95419 -326.323 5 14
+1440s 537 101.362 -919.926 5 14
+1440s 538 414.456 148.823 5 14
+1440s 539 37.4807 -368.413 5 14
+1440s 540 316.948 -343.128 5 14
+1440s 541 -919.041 -109.566 5 14
+1440s 542 -622.589 -338.698 5 14
+1440s 543 286.023 416.591 5 14
+1440s 544 924.461 313.001 5 14
+1440s 545 -373.723 -638.709 5 14
+1440s 546 -361.468 762.28 5 14
+1440s 547 -38.1583 -423.021 5 14
+1440s 548 -381.395 639.521 5 14
+1440s 549 383.519 503.662 5 14
+1440s 550 282.754 -779.986 5 14
+1440s 551 -344.956 279.664 5 14
+1440s 552 106.785 -104.839 5 14
+1440s 553 950.925 -497.385 5 14
+1440s 554 -416.892 -383.994 5 14
+1440s 555 881.756 -857.487 5 14
+1440s 556 729.457 -966.749 5 14
+1440s 557 543.376 961.51 5 14
+1440s 558 -720.99 -110.739 5 14
+1440s 559 64.699 785.696 5 14
+1440s 560 340.057 134.209 5 14
+1440s 561 -43.279 -370.127 5 14
+1440s 562 -160.354 789.704 5 14
+1440s 563 -247.403 -815.398 5 14
+1440s 564 -488.738 384.195 5 14
+1440s 565 751.276 -28.1515 5 14
+1440s 566 -547.583 542.462 5 14
+1440s 567 368.767 -716.038 5 14
+1440s 568 -667.46 -623.485 5 14
+1440s 569 -745.888 -347.938 5 14
+1440s 570 846.374 983.517 5 14
+1440s 571 713.83 -578.49 5 14
+1440s 572 -395.179 -935.75 5 14
+1440s 573 467.008 -154.434 5 14
+1440s 574 -807.569 -133.145 5 14
+1440s 575 867.894 999.535 5 14
+1440s 576 -841.269 121.922 5 14
+1440s 577 -684.429 -389.577 5 14
+1440s 578 -632.771 -408.612 5 14
+1440s 579 -888.243 -664.74 5 14
+1440s 580 -898.345 701.008 5 14
+1440s 581 567.606 -958.248 5 14
+1440s 582 -920.739 867.046 5 14
+1440s 583 -36.1704 587.366 5 14
+1440s 584 919.798 282.643 5 14
+1440s 585 -802.933 -613.358 5 14
+1440s 586 306.882 620.775 5 14
+1440s 587 -45.6094 948.254 5 14
+1440s 588 -934.342 -621.671 5 14
+1440s 589 -55.537 -131.379 5 14
+1440s 590 706.468 -29.5804 5 14
+1440s 591 833.799 273.298 5 14
+1440s 592 469.172 269.493 5 14
+1440s 593 62.3648 374.747 5 14
+1440s 594 -14.5534 674.788 5 14
+1440s 595 -788.373 -811.27 5 14
+1440s 596 502.959 515.745 5 14
+1440s 597 477.667 -588.287 5 14
+1440s 598 -305.896 635.546 5 14
+1440s 599 -233.25 -734.382 5 14
+1440s 600 -662.282 -824.174 5 14
+1440s 601 -216.184 376.6 5 14
+1440s 602 567.603 296.645 5 14
+1440s 603 -281.607 -215.982 5 2
+1440s 604 768.625 291.523 5 14
+1440s 605 633.613 754.44 5 14
+1440s 606 694.358 -918.452 5 14
+1440s 607 198.741 456.295 5 14
+1440s 608 -251.921 481.816 5 14
+1440s 609 824.48 321.853 5 14
+1440s 610 620.108 872.387 5 14
+1440s 611 -808.186 -900.163 5 14
+1440s 612 -516.017 506.528 5 14
+1440s 613 55.4942 -814.877 5 14
+1440s 614 -684.717 29.2681 5 14
+1440s 615 -286.885 -853.328 5 14
+1440s 616 -283.149 -977.632 5 14
+1440s 617 -859.174 -14.2203 5 14
+1440s 618 261.902 -515.702 5 14
+1440s 619 -666.962 -593.86 5 14
+1440s 620 830.836 695.036 5 14
+1440s 621 575.807 200.448 5 14
+1440s 622 776.311 -665.21 5 14
+1440s 623 849.954 575.459 5 14
+1440s 624 -804.007 775.973 5 14
+1440s 625 291.13 -717.301 5 14
+1440s 626 144.016 118.559 5 14
+1440s 627 92.3821 898.557 5 14
+1440s 628 -298.333 -492.266 5 14
+1440s 629 -142.801 -596.804 5 14
+1440s 630 210.161 -394.704 5 14
+1440s 631 -76.5595 -204.941 5 14
+1440s 632 -288.299 782.362 5 14
+1440s 633 872.382 -852.812 5 14
+1440s 634 576.516 -578.749 5 14
+1440s 635 -358.086 -168.398 5 14
+1440s 636 -113.064 -575.225 5 2
+1440s 637 -658.41 -979.403 5 14
+1440s 638 -480.108 535.625 5 14
+1440s 639 -852.84 -61.2537 5 14
+1440s 640 455.218 500.778 5 14
+1440s 641 615.075 563.451 5 14
+1440s 642 61.3573 -840.115 5 14
+1440s 643 -732.482 -173.856 5 14
+1440s 644 303.839 755.451 5 14
+1440s 645 316.468 176.604 5 14
+1440s 646 198.02 985.17 5 14
+1440s 647 989.85 598.59 5 14
+1440s 648 -356.001 -534.359 5 14
+1440s 649 277.63 366.571 5 14
+1440s 650 96.9751 622.416 5 14
+1440s 651 958.17 310.679 5 14
+1440s 652 -177.17 -371.365 5 14
+1440s 653 -63.9504 360.964 5 14
+1440s 654 633.648 769.692 5 14
+1440s 655 194.766 355.179 5 14
+1440s 656 -664.275 -802.703 5 14
+1440s 657 -281.216 104.719 5 14
+1440s 658 -549.601 352.629 5 14
+1440s 659 861.294 -425.786 5 14
+1440s 660 489.053 -340.456 5 14
+1440s 661 991.254 903.866 5 14
+1440s 662 -72.5113 742.483 5 14
+1440s 663 -432.932 675.313 5 14
+1440s 664 -223.124 512.712 5 14
+1440s 665 -553.178 -800.376 5 14
+1440s 666 -700.973 -920.654 5 14
+1440s 667 -737.417 -647.094 5 14
+1440s 668 905.812 994.153 5 14
+1440s 669 -40.4855 -841.688 5 14
+1440s 670 888.185 590.593 5 14
+1440s 671 -77.2962 326.181 5 14
+1440s 672 -187.987 -374.395 5 14
+1440s 673 621.794 235.924 5 14
+1440s 674 -851.398 399.421 5 14
+1440s 675 -941.573 -981.706 5 14
+1440s 676 -515.432 654.115 5 14
+1440s 677 886.093 466.419 5 14
+1440s 678 993.81 -291.678 5 14
+1440s 679 367.871 -78.6806 5 14
+1440s 680 445.766 422.386 5 14
+1440s 681 444.36 97.7565 5 14
+1440s 682 859.683 -724.107 5 2
+1440s 683 567.095 -255 5 14
+1440s 684 413.085 154.751 5 14
+1440s 685 -295.454 -830.66 5 14
+1440s 686 23.7362 -974.635 5 14
+1440s 687 602.428 -513.178 5 14
+1440s 688 -838.106 -133.822 5 14
+1440s 689 795.999 -60.1031 5 14
+1440s 690 -688.103 -849.787 5 14
+1440s 691 573.169 -810.771 5 14
+1440s 692 822.242 -734.716 5 14
+1440s 693 -134.147 824.06 5 14
+1440s 694 -914.377 707.913 5 14
+1440s 695 205.505 478.439 5 14
+1440s 696 102.077 -972.886 5 14
+1440s 697 -930.12 -14.7645 5 14
+1440s 698 616.744 335.194 5 14
+1440s 699 -603.076 -643.378 5 14
+1440s 700 520.96 88.7972 5 14
+1440s 701 823.006 -811.035 5 14
+1440s 702 103.112 -528.809 5 14
+1440s 703 -548.174 691.866 5 14
+1440s 704 -846.475 -213.101 5 14
+1440s 705 -12.7718 933.307 5 14
+1440s 706 -650.385 315.314 5 14
+1440s 707 466.119 401.102 5 14
+1440s 708 -927.176 -484.834 5 14
+1440s 709 87.2236 -233.898 5 14
+1440s 710 -183.123 952.589 5 14
+1440s 711 969.412 -679.521 5 14
+1440s 712 108.282 139.061 5 14
+1440s 713 -922.75 -983.655 5 14
+1440s 714 -993.413 575.61 5 14
+1440s 715 -494.95 95.8649 5 14
+1440s 716 268.04 -161.252 5 14
+1440s 717 -14.7428 746.651 5 14
+1440s 718 320.723 -815.939 5 14
+1440s 719 -571.284 456.422 5 14
+1440s 720 -173.079 -39.2493 5 14
+1440s 721 539.181 -396.624 5 14
+1440s 722 171.256 -469.186 5 2
+1440s 723 -256.517 -670.644 5 14
+1440s 724 442.089 -362.254 5 14
+1440s 725 -835.176 -837.255 5 14
+1440s 726 -648.366 86.342 5 14
+1440s 727 656.202 472.199 5 14
+1440s 728 642.093 -862.626 5 14
+1440s 729 696.869 -727.705 5 14
+1440s 730 388.644 -166.977 5 14
+1440s 731 -604.472 -358.997 5 14
+1440s 732 585.945 -631.321 5 14
+1440s 733 -692.042 728.125 5 14
+1440s 734 -324.405 -816.37 5 14
+1440s 735 362.995 450.091 5 14
+1440s 736 -760.117 -958.427 5 14
+1440s 737 -585.741 574.305 5 14
+1440s 738 -495.086 -299.092 5 14
+1440s 739 -111.684 -85.943 5 14
+1440s 740 855.268 683.374 5 14
+1440s 741 29.2063 201.336 5 14
+1440s 742 -839.344 -526.275 5 14
+1440s 743 22.087 140.753 5 14
+1440s 744 330.997 -358.692 5 14
+1440s 745 -757.476 -495.073 5 14
+1440s 746 -120.918 619.345 5 14
+1440s 747 36.8948 -244.764 5 14
+1440s 748 549.487 372.871 5 14
+1440s 749 124.298 582.802 5 14
+1440s 750 254.107 155.807 5 14
+1440s 751 546.579 869.304 5 14
+1440s 752 940.923 -785.79 5 14
+1440s 753 -860.01 -766.411 5 14
+1440s 754 -454.6 -929.282 5 14
+1440s 755 115.451 -944.866 5 14
+1440s 756 201.227 65.0841 5 14
+1440s 757 853.79 140.067 5 14
+1440s 758 -474.519 -207.964 5 14
+1440s 759 -2.11085 -164.346 5 14
+1440s 760 -226.085 99.7911 5 14
+1440s 761 263.465 700.308 5 14
+1440s 762 806.7 -111.781 5 14
+1440s 763 -877.684 946.364 5 14
+1440s 764 -956.621 569.666 5 14
+1440s 765 -322.619 -901.441 5 14
+1440s 766 -76.1001 117.437 5 14
+1440s 767 295.315 160.04 5 14
+1440s 768 727.129 -465.097 5 14
+1440s 769 493.259 -107.767 5 14
+1440s 770 178.974 -648.887 5 14
+1440s 771 899.785 -38.8511 5 14
+1440s 772 -98.2657 725.831 5 14
+1440s 773 -461.645 148.799 5 14
+1440s 774 -149.295 -746.125 5 14
+1440s 775 940.603 136.46 5 14
+1440s 776 217.898 -766.093 5 14
+1440s 777 -541.075 326.626 5 14
+1440s 778 -997.763 834.973 5 14
+1440s 779 -122.58 123.456 5 14
+1440s 780 -65.4788 371.555 5 14
+1440s 781 149.734 627.988 5 14
+1440s 782 903.808 -619.462 5 14
+1440s 783 691.036 -440.183 5 14
+1440s 784 -848.078 -568.12 5 14
+1440s 785 -169.146 -496.325 5 14
+1440s 786 621.347 -504.905 5 14
+1440s 787 -852.492 18.5626 5 14
+1440s 788 -282.508 987.951 5 14
+1440s 789 -834.368 -636.726 5 14
+1440s 790 -418.012 963.121 5 14
+1440s 791 -120.174 780.027 5 14
+1440s 792 798.669 739.093 5 14
+1440s 793 -914.148 -93.5508 5 14
+1440s 794 -597.236 -10.9748 5 14
+1440s 795 -26.4222 -317.312 5 14
+1440s 796 -532.545 -561.324 5 14
+1440s 797 -185.526 664.568 5 14
+1440s 798 353.129 167.585 5 14
+1440s 799 -197.685 -537.093 5 14
+1440s 800 -134.274 716.532 5 14
+1440s 801 -973.783 756.182 5 14
+1440s 802 122.666 787.081 5 14
+1440s 803 212.17 708.009 5 14
+1440s 804 908.522 878.856 5 14
+1440s 805 -724.207 -228.045 5 14
+1440s 806 745.977 -896.218 5 14
+1440s 807 789.814 579.252 5 14
+1440s 808 -227.541 0.39195 5 14
+1440s 809 -923.853 129.717 5 14
+1440s 810 -386.646 819.996 5 2
+1440s 811 -979.134 631.525 5 14
+1440s 812 531.424 872.204 5 14
+1440s 813 -913.499 -166.069 5 14
+1440s 814 430.667 -514.574 5 14
+1440s 815 -515.055 -977.728 5 14
+1440s 816 -255.063 -189.253 5 14
+1440s 817 -185.441 -619.151 5 14
+1440s 818 38.7789 -29.0938 5 14
+1440s 819 -771.532 985.924 5 14
+1440s 820 -352.739 74.5816 5 14
+1440s 821 -648.641 -114.915 5 14
+1440s 822 -647.91 -740.559 5 14
+1440s 823 137.086 747.628 5 14
+1440s 824 915.946 925.074 5 14
+1440s 825 290.013 -208.594 5 14
+1440s 826 -804.292 -987.136 5 14
+1440s 827 -935.316 -907.529 5 14
+1440s 828 -767.512 822.823 5 14
+1440s 829 -299.581 -363.939 5 14
+1440s 830 -153.63 396.523 5 14
+1440s 831 577.945 -682.858 5 14
+1440s 832 328.611 -729.378 5 14
+1440s 833 181.837 -923.491 5 14
+1440s 834 766.871 162.416 5 14
+1440s 835 -226.018 846.789 5 14
+1440s 836 -391.825 -526.24 5 14
+1440s 837 -649.43 820.521 5 14
+1440s 838 44.9595 277.928 5 14
+1440s 839 812.894 -322.723 5 14
+1440s 840 167.617 896.951 5 14
+1440s 841 -624.752 -740.073 5 14
+1440s 842 929.272 -455.946 5 14
+1440s 843 416.562 241.543 5 14
+1440s 844 111.26 158.438 5 14
+1440s 845 479.76 229.199 5 14
+1440s 846 353.059 -9.67608 5 14
+1440s 847 -923.742 137.423 5 14
+1440s 848 -747.668 879.305 5 14
+1440s 849 -839.32 -866.834 5 14
+1440s 850 -692.542 321.953 5 14
+1440s 851 129.5 649.757 5 14
+1440s 852 790.55 -335.62 5 14
+1440s 853 -267.78 361.07 5 14
+1440s 854 376.742 -174.19 5 14
+1440s 855 -15.8824 922.051 5 14
+1440s 856 -15.0405 -730.046 5 14
+1440s 857 -593.381 947.1 5 14
+1440s 858 282.784 18.1048 5 14
+1440s 859 580.093 -528.7 5 14
+1440s 860 68.3873 377.412 5 14
+1440s 861 673.116 545.17 5 14
+1440s 862 -47.6138 -516.494 5 14
+1440s 863 352.35 -865.257 5 14
+1440s 864 878.446 -782.206 5 14
+1440s 865 444.598 441.568 5 14
+1440s 866 812.038 -541.184 5 2
+1440s 867 -291.505 688.979 5 14
+1440s 868 160.002 355.894 5 2
+1440s 869 -714.324 826.225 5 14
+1440s 870 526.525 -181.334 5 14
+1440s 871 -26.8474 303.813 5 14
+1440s 872 -406.747 -845.648 5 14
+1440s 873 -927.898 63.7654 5 14
+1440s 874 482.811 364.96 5 14
+1440s 875 -630.116 -755.424 5 14
+1440s 876 711.981 -659.662 5 14
+1440s 877 492.616 -597.183 5 14
+1440s 878 -267.662 -204.455 5 14
+1440s 879 -129.222 108.085 5 14
+1440s 880 138.633 -30.9565 5 14
+1440s 881 -778.917 -883.929 5 14
+1440s 882 304.998 304.091 5 14
+1440s 883 451.314 -267.781 5 14
+1440s 884 -686.123 -203.229 5 14
+1440s 885 219.809 966.073 5 14
+1440s 886 655.655 -437.765 5 14
+1440s 887 -805.761 -556.189 5 14
+1440s 888 157.186 135.9 5 14
+1440s 889 -780.216 -449.858 5 14
+1440s 890 72.4663 -768.351 5 14
+1440s 891 904.294 916.41 5 14
+1440s 892 -364.245 843.853 5 14
+1440s 893 620.322 -14.7789 5 14
+1440s 894 912.204 429.005 5 14
+1440s 895 -600.981 -802.75 5 14
+1440s 896 -514.975 -75.3997 5 14
+1440s 897 512.638 -958.195 5 14
+1440s 898 -379.895 -657.225 5 14
+1440s 899 -662.611 -298.577 5 14
+1440s 900 690.883 -392.475 5 14
+1440s 901 -902.049 452.069 5 14
+1440s 902 -871.517 852.369 5 14
+1440s 903 628.693 -41.4903 5 14
+1440s 904 -573.153 -7.5511 5 14
+1440s 905 586.237 -179.382 5 14
+1440s 906 752.605 570.353 5 14
+1440s 907 -665.765 -740.658 5 14
+1440s 908 314.514 -494.999 5 14
+1440s 909 -120.108 584.253 5 14
+1440s 910 -708.666 826.861 5 14
+1440s 911 -93.2328 261.128 5 14
+1440s 912 1.85974 111.817 5 14
+1440s 913 148.419 882.292 5 14
+1440s 914 990.994 -981.513 5 14
+1440s 915 449.659 882.953 5 14
+1440s 916 907.735 -288.372 5 14
+1440s 917 275.674 -811.499 5 14
+1440s 918 -293.581 424.494 5 14
+1440s 919 -486.866 -260.018 5 14
+1440s 920 -253.938 856.949 5 14
+1440s 921 673.172 837.606 5 14
+1440s 922 702.075 217.24 5 14
+1440s 923 412.654 -441.151 5 14
+1440s 924 104.498 338.497 5 14
+1440s 925 599.528 491.454 5 14
+1440s 926 -794.071 14.5383 5 14
+1440s 927 -405.121 757.941 5 14
+1440s 928 64.8054 128.541 5 14
+1440s 929 295.916 -368.454 5 14
+1440s 930 361.462 -828.933 5 14
+1440s 931 413.604 -663.543 5 14
+1440s 932 699.345 887.104 5 14
+1440s 933 -537.703 75.4317 5 2
+1440s 934 804.889 534.927 5 14
+1440s 935 -161.551 -877.12 5 14
+1440s 936 -14.9374 32.6191 5 14
+1440s 937 -307.505 -891.915 5 14
+1440s 938 -932.01 15.2987 5 14
+1440s 939 30.3245 -589.861 5 14
+1440s 940 877.41 -771.886 5 14
+1440s 941 892.509 -192.599 5 14
+1440s 942 283.588 588.958 5 14
+1440s 943 901.491 -739.17 5 14
+1440s 944 12.8925 -822.182 5 14
+1440s 945 -675.488 907.871 5 14
+1440s 946 -731.911 97.5803 5 14
+1440s 947 194.953 -217.326 5 14
+1440s 948 -290.341 -283.467 5 14
+1440s 949 -512.348 -181.446 5 14
+1440s 950 -426.193 -560.668 5 14
+1440s 951 716.158 592.059 5 14
+1440s 952 283.92 562.271 5 14
+1440s 953 -61.4218 -958.086 5 14
+1440s 954 12.9737 44.8019 5 14
+1440s 955 -741.103 784.163 5 14
+1440s 956 465.113 669.89 5 14
+1440s 957 -716.997 -122.567 5 14
+1440s 958 5.77463 -75.5832 5 14
+1440s 959 -778.006 440.061 5 14
+1440s 960 984.693 232.487 5 14
+1440s 961 996.51 -510.053 5 14
+1440s 962 -152.339 99.7773 5 14
+1440s 963 -80.2422 758.351 5 14
+1440s 964 -94.2904 54.6176 5 14
+1440s 965 895.565 -909.705 5 14
+1440s 966 -394.25 -216.574 5 14
+1440s 967 -83.5077 364.181 5 14
+1440s 968 577.544 -490.503 5 14
+1440s 969 -690.961 -820.069 5 14
+1440s 970 39.83 472.947 5 14
+1440s 971 964.201 -604.067 5 14
+1440s 972 -857.154 -1.70534 5 14
+1440s 973 428.058 -171.005 5 14
+1440s 974 116.864 628.157 5 14
+1440s 975 -775.125 776.28 5 14
+1440s 976 -111.538 -312.37 5 14
+1440s 977 -583.009 615.41 5 14
+1440s 978 169.732 728.057 5 14
+1440s 979 -499.714 59.4594 5 14
+1440s 980 528.23 -901.66 5 14
+1440s 981 359.182 -439.397 5 14
+1440s 982 955.347 -896.628 5 14
+1440s 983 369.995 -247.937 5 14
+1440s 984 -150.605 556.996 5 14
+1440s 985 496.481 -739.595 5 14
+1440s 986 16.448 992.853 5 14
+1440s 987 988.566 -875.028 5 14
+1440s 988 -21.8189 736.332 5 14
+1440s 989 -111.819 -133.97 5 14
+1440s 990 143.339 867.092 5 14
+1440s 991 780.347 -621.192 5 14
+1440s 992 181.477 -993.402 5 14
+1440s 993 -990.327 946.266 5 14
+1440s 994 410.777 -983.033 5 14
+1440s 995 300.125 -171.258 5 14
+1440s 996 153.988 729.376 5 14
+1440s 997 -640.73 -357.669 5 14
+1440s 998 604.474 743.535 5 14
+1440s 999 -400.404 -269.861 5 14
+1440s 1000 -114.105 199.292 5 14
+180000s 1 -214.651 591.563 5 14
+180000s 2 795.042 -575.826 5 14
+180000s 3 630.948 -155.41 5 14
+180000s 4 -851.398 -655.251 5 14
+180000s 5 -21.5949 -178.902 5 14
+180000s 6 931.643 773.097 5 14
+180000s 7 -120.346 -598.775 5 14
+180000s 8 82.4857 651.62 5 14
+180000s 9 -852.823 -548.746 5 14
+180000s 10 161.943 -364.089 5 14
+180000s 11 838.814 -224.299 5 14
+180000s 12 879.561 33.3844 5 14
+180000s 13 -445.519 504.123 5 14
+180000s 14 811.454 -993.217 5 14
+180000s 15 -103.531 -824.488 5 14
+180000s 16 -338.311 -541.59 5 14
+180000s 17 253.513 -463.784 5 14
+180000s 18 -282.217 -196.864 5 14
+180000s 19 884.991 -732.59 5 14
+180000s 20 378.611 200.413 5 14
+180000s 21 -483.765 533.857 5 14
+180000s 22 -408.057 -252.638 5 14
+180000s 23 -314.259 666.811 5 14
+180000s 24 -856.43 -871.956 5 14
+180000s 25 305.586 -18.4711 5 14
+180000s 26 -71.2615 -741.785 5 14
+180000s 27 -968.531 228.632 5 14
+180000s 28 791.16 -361.762 5 14
+180000s 29 -90.6387 12.6965 5 14
+180000s 30 888.469 5.34355 5 14
+180000s 31 -75.8336 595.024 5 14
+180000s 32 574.736 814.619 5 14
+180000s 33 -81.2056 574.787 5 14
+180000s 34 352.289 -7.77836 5 14
+180000s 35 -561.853 -293.807 5 14
+180000s 36 220.637 -470.741 5 14
+180000s 37 561.025 209.076 5 14
+180000s 38 -199.863 687.734 5 14
+180000s 39 -968.007 -237.986 5 14
+180000s 40 179.899 795.622 5 14
+180000s 41 -972.52 574.384 5 14
+180000s 42 822.954 -475.705 5 14
+180000s 43 -214.95 259.92 5 14
+180000s 44 173.345 626.669 5 14
+180000s 45 -534.144 -512.089 5 14
+180000s 46 -331.185 -0.792651 5 14
+180000s 47 534.865 -565.191 5 14
+180000s 48 824.489 -479.38 5 14
+180000s 49 520.533 -82.5496 5 14
+180000s 50 -367.41 509.883 5 14
+180000s 51 135.932 725.666 5 14
+180000s 52 739.167 183.462 5 14
+180000s 53 -131.14 681.037 5 14
+180000s 54 -532.494 -941.12 5 14
+180000s 55 -810.274 -68.5464 5 14
+180000s 56 807.841 660.855 5 14
+180000s 57 652.406 320.561 5 14
+180000s 58 868.807 406.057 5 14
+180000s 59 530.279 -630.342 5 14
+180000s 60 -672.204 -489.889 5 14
+180000s 61 -35.9291 -962.403 5 14
+180000s 62 816.762 972.214 5 14
+180000s 63 488.382 -253.574 5 14
+180000s 64 -855.454 618.713 5 14
+180000s 65 522.897 -946.283 5 14
+180000s 66 -452.711 -648.981 5 14
+180000s 67 -350.988 422.319 5 14
+180000s 68 346.782 -322.392 5 14
+180000s 69 -286.717 -601.505 5 14
+180000s 70 903.178 583.574 5 14
+180000s 71 246.026 -707.15 5 14
+180000s 72 77.5969 -253.706 5 14
+180000s 73 11.4351 -615.274 5 14
+180000s 74 269.204 853.559 5 14
+180000s 75 -395.376 -759.062 5 14
+180000s 76 738.542 664.162 5 14
+180000s 77 -581.921 -793.47 5 14
+180000s 78 -460.572 496.426 5 14
+180000s 79 -589.31 673.91 5 14
+180000s 80 358.475 670.066 5 14
+180000s 81 663.401 -116.408 5 14
+180000s 82 283.861 639.563 5 14
+180000s 83 807.151 88.619 5 14
+180000s 84 -123.03 194.07 5 14
+180000s 85 -310.149 -575.08 5 14
+180000s 86 -17.6101 -953.839 5 14
+180000s 87 959.351 -734.062 5 14
+180000s 88 -35.7637 254.011 5 14
+180000s 89 -474.792 611.656 5 14
+180000s 90 -43.0051 162.981 5 14
+180000s 91 926.524 -428.968 5 14
+180000s 92 -332.449 659.329 5 14
+180000s 93 689.236 -870.068 5 14
+180000s 94 -681.878 582.385 5 14
+180000s 95 -79.6723 -4.70117 5 14
+180000s 96 87.7868 -561.751 5 14
+180000s 97 -285.909 237.776 5 14
+180000s 98 -513.498 -875.461 5 14
+180000s 99 575.9 952.063 5 14
+180000s 100 -0.282691 600.016 5 14
+108000s 1 -678.331 -958.771 5 2
+108000s 2 -613.861 -114.626 5 2
+108000s 3 -58.8178 -873.647 5 2
+108000s 4 887.442 486.309 5 2
+108000s 5 201.948 269.674 5 2
+108000s 6 -345.342 -653.045 5 2
+108000s 7 -857.928 -856.804 5 2
+108000s 8 -673.004 620.647 5 2
+108000s 9 876.148 386.407 5 2
+108000s 10 -626.749 -639.53 5 2
+108000s 11 747.066 -905.768 5 2
+108000s 12 -395.842 -886.189 5 2
+108000s 13 842.341 211.039 5 2
+108000s 14 -693.287 503.247 5 2
+108000s 15 817.807 -313.928 5 2
+108000s 16 -235.165 -187.432 5 2
+108000s 17 -200.497 651.903 5 2
+108000s 18 144.159 943.482 5 2
+108000s 19 -639.031 -288.342 5 2
+108000s 20 913.493 -449.447 5 2
+108000s 21 -814.433 -284.654 5 2
+108000s 22 -461.071 920.791 5 2
+108000s 23 -403.804 -961.311 5 2
+108000s 24 -17.6948 -376.214 5 2
+108000s 25 -680.091 612.221 5 2
+108000s 26 -679.853 103.025 5 2
+108000s 27 -677.388 -433.063 5 2
+108000s 28 374.285 -881.462 5 2
+108000s 29 -387.011 645.705 5 2
+108000s 30 467.734 935.741 5 2
+108000s 31 798.574 541.616 5 2
+108000s 32 965.913 -529.819 5 2
+108000s 33 759.684 448.936 5 2
+108000s 34 -50.9715 -341.578 5 2
+108000s 35 188.803 108.188 5 2
+108000s 36 563.841 486.077 5 2
+108000s 37 227.646 583.366 5 2
+108000s 38 -30.5442 -139.895 5 2
+108000s 39 -837.514 -168.745 5 2
+108000s 40 82.1826 -269.253 5 2
+108000s 41 -505.173 -534.545 5 2
+108000s 42 774.602 746.359 5 2
+108000s 43 427.598 322.308 5 2
+108000s 44 -833.089 706.115 5 2
+108000s 45 156.957 683.824 5 2
+108000s 46 344.06 766.421 5 2
+108000s 47 -949.049 388.65 5 2
+108000s 48 558.612 162.631 5 2
+108000s 49 542.381 697.211 5 2
+108000s 50 -504.056 216.709 5 2
+108000s 51 899.889 -958.088 5 2
+108000s 52 -327.96 627.113 5 2
+108000s 53 808.069 -477.952 5 2
+108000s 54 -75.3427 617.656 5 2
+108000s 55 589.711 -782.951 5 2
+108000s 56 895.737 176.759 5 2
+108000s 57 394.432 -809.67 5 2
+108000s 58 472.237 -614.823 5 2
+108000s 59 314.635 969.546 5 2
+108000s 60 362.866 -829.952 5 2
+108000s 61 -313.387 190.808 5 2
+108000s 62 983.519 -169.154 5 2
+108000s 63 163.22 -596.913 5 2
+108000s 64 -153.775 -90.6863 5 2
+108000s 65 592.483 276.089 5 2
+108000s 66 556.257 -791.466 5 2
+108000s 67 -154.372 -762.51 5 2
+108000s 68 678.879 -595.671 5 2
+108000s 69 474.282 -622.926 5 2
+108000s 70 386.575 250.993 5 2
+108000s 71 558.305 -623.448 5 2
+108000s 72 -964.767 -5.69283 5 2
+108000s 73 318.789 -305.044 5 2
+108000s 74 -880.202 -660.843 5 2
+108000s 75 244.402 898.208 5 2
+108000s 76 -167.812 -63.7044 5 2
+108000s 77 829.438 985.675 5 2
+108000s 78 246.927 686.261 5 2
+108000s 79 -354.793 -300.411 5 2
+108000s 80 69.0476 -137.747 5 2
+108000s 81 182.22 1.01414 5 2
+108000s 82 -208.306 -539.185 5 2
+108000s 83 -38.4217 677.011 5 2
+108000s 84 600.073 824.312 5 2
+108000s 85 513.529 -761.548 5 2
+108000s 86 -492.151 587.85 5 2
+108000s 87 530.406 142.257 5 2
+108000s 88 -973.97 -851.339 5 2
+108000s 89 -55.332 22.0717 5 2
+108000s 90 -303.306 -884.731 5 2
+108000s 91 524.927 -416.45 5 2
+108000s 92 265.408 -908.132 5 2
+108000s 93 297.842 -494.417 5 2
+108000s 94 847.854 -6.91029 5 2
+108000s 95 -195.961 80.029 5 2
+108000s 96 -261.408 329.899 5 2
+108000s 97 -17.649 -134.313 5 2
+108000s 98 807.757 -963.557 5 2
+108000s 99 -404.161 -68.3111 5 2
+108000s 100 94.011 555.796 5 2
+108000s 101 -794.405 -155.212 5 2
+108000s 102 495.29 629.889 5 2
+108000s 103 -707.209 499.583 5 2
+108000s 104 738.689 -49.8444 5 2
+108000s 105 -140.046 149.855 5 2
+108000s 106 -285.264 878.644 5 2
+108000s 107 -230.945 314.527 5 2
+108000s 108 -85.4296 -493.308 5 2
+108000s 109 546.93 -284.694 5 2
+108000s 110 -72.604 -608.109 5 2
+108000s 111 -828.203 205.527 5 2
+108000s 112 693.504 -56.306 5 2
+108000s 113 -786.209 202.614 5 2
+108000s 114 -345.506 -863.898 5 2
+108000s 115 823.29 -387.489 5 2
+108000s 116 671.437 -304.586 5 2
+108000s 117 655.186 376.259 5 2
+108000s 118 -149.43 -751.496 5 2
+108000s 119 638.494 -993.845 5 2
+108000s 120 314.569 500.17 5 2
+108000s 121 -479.086 43.2896 5 2
+108000s 122 748.309 -960.027 5 2
+108000s 123 912.41 499.475 5 2
+108000s 124 960.965 -230.844 5 2
+108000s 125 -781.332 856.5 5 2
+108000s 126 -3.55028 17.9447 5 2
+108000s 127 421.658 -63.9918 5 2
+108000s 128 -653.327 -832.482 5 2
+108000s 129 -536.868 -587.455 5 2
+108000s 130 206.418 217.587 5 2
+108000s 131 -865.1 776.79 5 2
+108000s 132 30.6531 757.099 5 2
+108000s 133 15.5014 837.703 5 2
+108000s 134 -640.25 -850.581 5 2
+108000s 135 321.375 -778.266 5 2
+108000s 136 257.405 942.096 5 2
+108000s 137 720.995 979.723 5 2
+108000s 138 138.813 -555.734 5 2
+108000s 139 263.448 -639.57 5 2
+108000s 140 211.711 -664.781 5 2
+108000s 141 -453.622 -250.428 5 2
+108000s 142 470.181 -349.679 5 2
+108000s 143 -636.404 -784.162 5 2
+108000s 144 -231.379 -398.38 5 2
+108000s 145 455.863 -196.536 5 2
+108000s 146 519.701 -942.822 5 2
+108000s 147 163.404 -944.648 5 2
+108000s 148 -172.838 555.957 5 2
+108000s 149 239.31 346.307 5 2
+108000s 150 685.842 -192.553 5 2
+108000s 151 -306.207 788.042 5 2
+108000s 152 -742.014 346.952 5 2
+108000s 153 -881.157 272.431 5 2
+108000s 154 -436.459 -279.578 5 2
+108000s 155 -188.163 -23.7664 5 2
+108000s 156 203.239 823.893 5 2
+108000s 157 -208.755 -451.038 5 2
+108000s 158 -567.014 -419.446 5 2
+108000s 159 -430.404 -380.723 5 2
+108000s 160 -905.105 -670.862 5 2
+108000s 161 -497.658 174.071 5 2
+108000s 162 249.271 -258.528 5 2
+108000s 163 309.033 -101.873 5 2
+108000s 164 -333.889 -268.424 5 2
+108000s 165 719.817 536.992 5 2
+108000s 166 795.378 -294.678 5 2
+108000s 167 854.17 -47.2357 5 2
+108000s 168 -643.761 -540.267 5 2
+108000s 169 -662.386 812.42 5 2
+108000s 170 -738.581 199.552 5 2
+108000s 171 440.835 -928.053 5 2
+108000s 172 -195.921 -676.257 5 2
+108000s 173 852.979 343.451 5 2
+108000s 174 645.325 -804.716 5 2
+108000s 175 -729.134 -285.79 5 2
+108000s 176 -272.35 -788.098 5 2
+108000s 177 -940.865 -181.528 5 2
+108000s 178 638.679 22.6643 5 2
+108000s 179 -978.805 542.16 5 2
+108000s 180 986.376 -849.438 5 2
+108000s 181 -910.974 -673.065 5 2
+108000s 182 -134.336 -993.011 5 2
+108000s 183 -117.154 -539.075 5 2
+108000s 184 597.667 -891.472 5 2
+108000s 185 -14.5781 464.161 5 2
+108000s 186 -754.427 -929.127 5 2
+108000s 187 199.846 -277.592 5 2
+108000s 188 -865.472 266.559 5 2
+108000s 189 -509.342 -311.309 5 2
+108000s 190 -408.927 50.7958 5 2
+108000s 191 -838.21 -187.376 5 2
+108000s 192 -968.395 -326.299 5 2
+108000s 193 -529.41 -752.777 5 2
+108000s 194 -192.107 743.715 5 2
+108000s 195 228.115 -870.404 5 2
+108000s 196 516.794 -745.828 5 2
+108000s 197 834.426 587.576 5 2
+108000s 198 508.004 -307.777 5 2
+108000s 199 -153.402 840.285 5 2
+108000s 200 904.193 -796.216 5 2
+108000s 201 -581.347 340.337 5 2
+108000s 202 140.299 543.386 5 2
+108000s 203 -696.384 765.088 5 2
+108000s 204 32.9371 -558.454 5 2
+108000s 205 307.348 -942.198 5 2
+108000s 206 606.42 795.982 5 2
+108000s 207 733.855 133.236 5 2
+108000s 208 -66.321 -593.467 5 2
+108000s 209 -260.805 927.899 5 2
+108000s 210 -108.415 259.856 5 2
+108000s 211 121.496 140.944 5 2
+108000s 212 973.344 937.384 5 2
+108000s 213 -430.668 -595.344 5 2
+108000s 214 258.904 891.532 5 2
+108000s 215 566.208 95.7676 5 2
+108000s 216 972.47 -158.345 5 2
+108000s 217 -339.028 -952.444 5 2
+108000s 218 261.774 -549.926 5 2
+108000s 219 -911.012 462.265 5 2
+108000s 220 916.513 -355.392 5 2
+108000s 221 -228.24 -335.982 5 2
+108000s 222 -921.117 228.839 5 2
+108000s 223 -632.055 -569.401 5 2
+108000s 224 34.4282 16.0797 5 2
+108000s 225 -384.45 146.461 5 2
+108000s 226 -618.849 177.549 5 2
+108000s 227 -575.987 -876.574 5 2
+108000s 228 830.177 -700.323 5 2
+108000s 229 -189.838 173.03 5 2
+108000s 230 288.711 535.972 5 2
+108000s 231 435.975 25.9353 5 2
+108000s 232 -891.81 -718.29 5 2
+108000s 233 337.277 -982.893 5 2
+108000s 234 -312.779 -14.1378 5 2
+108000s 235 522.211 70.385 5 2
+108000s 236 -517.49 -466.399 5 2
+108000s 237 907.224 256.844 5 2
+108000s 238 198.685 -146.106 5 2
+108000s 239 -657.83 845.181 5 2
+108000s 240 569.657 95.6007 5 2
+108000s 241 -787.835 540.874 5 2
+108000s 242 92.9842 202.278 5 2
+108000s 243 320.919 860.829 5 2
+108000s 244 -53.9829 548.96 5 2
+108000s 245 -707.331 -533.521 5 2
+108000s 246 378.943 -806.785 5 2
+108000s 247 853.444 747.79 5 2
+108000s 248 401.499 124.515 5 2
+108000s 249 -462.297 -366.98 5 2
+108000s 250 -189.854 -593.956 5 2
+108000s 251 -874.797 -217.4 5 2
+108000s 252 -470.364 -285.972 5 2
+108000s 253 854.59 -549.074 5 2
+108000s 254 -440.347 -772.451 5 2
+108000s 255 -686.729 113.682 5 2
+108000s 256 -577.101 -602.606 5 2
+108000s 257 -875.943 224.367 5 2
+108000s 258 -626.801 391.338 5 2
+108000s 259 606.185 -909.875 5 2
+108000s 260 -406.313 -439.202 5 2
+108000s 261 365.081 -202.104 5 2
+108000s 262 105.728 -794.597 5 2
+108000s 263 -659.044 973.125 5 2
+108000s 264 -256.843 408.631 5 2
+108000s 265 37.3516 440.739 5 2
+108000s 266 -860.124 -459.045 5 2
+108000s 267 -758.125 -134.427 5 2
+108000s 268 127.312 646.123 5 2
+108000s 269 319.817 -855.686 5 2
+108000s 270 571.321 891.03 5 2
+108000s 271 520.297 334.275 5 2
+108000s 272 -44.8223 -939.281 5 2
+108000s 273 11.3614 200.488 5 2
+108000s 274 -241.112 851.171 5 2
+108000s 275 -788.555 84.8745 5 2
+108000s 276 -535.235 390.899 5 2
+108000s 277 -102.629 -840.792 5 2
+108000s 278 251.08 -549.917 5 2
+108000s 279 953.967 823.135 5 2
+108000s 280 303.442 803.673 5 2
+108000s 281 177.562 -143.375 5 2
+108000s 282 -219.914 28.4754 5 2
+108000s 283 952.483 581.208 5 2
+108000s 284 -968.681 181.157 5 2
+108000s 285 -378.984 301.19 5 2
+108000s 286 -460.384 -187.632 5 2
+108000s 287 -796.414 512.962 5 2
+108000s 288 30.7264 -310.994 5 2
+108000s 289 778.744 -642.559 5 2
+108000s 290 -593.266 536.346 5 2
+108000s 291 26.4304 777.943 5 2
+108000s 292 -553.768 416.71 5 14
+108000s 293 -929.106 910.069 5 2
+108000s 294 -700.303 -326.875 5 2
+108000s 295 -52.2973 17.0107 5 2
+108000s 296 -607.143 -551.267 5 2
+108000s 297 -99.5789 488.537 5 2
+108000s 298 396.711 -571.368 5 2
+108000s 299 333.05 -0.787725 5 2
+108000s 300 282.803 -963.707 5 2
+108000s 301 451.519 989.359 5 2
+108000s 302 -227.177 494.161 5 2
+108000s 303 -521.646 -165.431 5 2
+108000s 304 33.8885 -611.916 5 2
+108000s 305 -600.685 848.438 5 2
+108000s 306 783.969 -845.053 5 2
+108000s 307 -942.391 952.801 5 2
+108000s 308 371.219 -496.665 5 2
+108000s 309 -715.829 466.282 5 2
+108000s 310 907.478 346.523 5 2
+108000s 311 873.445 -624.631 5 2
+108000s 312 180.87 -305.865 5 2
+108000s 313 -457.611 545.377 5 2
+108000s 314 216.06 50.3595 5 2
+108000s 315 -641.39 965.005 5 2
+108000s 316 213.676 498.81 5 2
+108000s 317 -893.759 -426.736 5 2
+108000s 318 -625.458 686.685 5 2
+108000s 319 -611.105 -787.707 5 2
+108000s 320 -554.403 182.843 5 2
+108000s 321 487.268 -951.82 5 2
+108000s 322 831.144 -613.311 5 2
+108000s 323 86.7066 -200.22 5 2
+108000s 324 -406.194 -606.692 5 2
+108000s 325 -999.304 604.246 5 2
+108000s 326 -760.893 779.673 5 2
+108000s 327 641.417 988.024 5 2
+108000s 328 -321.596 771.657 5 2
+108000s 329 158.823 -559.482 5 2
+108000s 330 336.575 382.557 5 2
+108000s 331 186.973 -385.425 5 2
+108000s 332 -87.1302 -607.856 5 2
+108000s 333 128.772 -946.928 5 2
+108000s 334 587.29 -733.215 5 2
+108000s 335 -730.58 577.097 5 2
+108000s 336 503.901 782.309 5 2
+108000s 337 -72.9556 -742.404 5 2
+108000s 338 183.61 -907.277 5 2
+108000s 339 -390.907 272.761 5 2
+108000s 340 235.599 136.607 5 2
+108000s 341 371.726 61.6511 5 2
+108000s 342 -508.952 -991.126 5 2
+108000s 343 977.966 679.638 5 2
+108000s 344 642.764 42.9063 5 2
+108000s 345 -176.327 387.805 5 2
+108000s 346 47.1315 501.18 5 2
+108000s 347 -521.15 991.282 5 2
+108000s 348 841.921 887.416 5 2
+108000s 349 -272.328 -871.411 5 2
+108000s 350 630.555 -749.465 5 2
+108000s 351 864.553 79.221 5 2
+108000s 352 -94.9837 252.632 5 2
+108000s 353 603.422 -853.977 5 2
+108000s 354 264.398 -662.177 5 2
+108000s 355 -506.277 513.213 5 2
+108000s 356 546.396 -108.477 5 2
+108000s 357 -349.097 610.73 5 2
+108000s 358 -268.686 418.17 5 2
+108000s 359 -537.416 979.031 5 2
+108000s 360 -32.9132 984.178 5 2
+108000s 361 -465.084 31.6064 5 2
+108000s 362 476.188 494.667 5 2
+108000s 363 -185.465 757.581 5 2
+108000s 364 -235.107 -260.829 5 2
+108000s 365 -760.521 -784.963 5 2
+108000s 366 -948.353 -433.186 5 2
+108000s 367 154.452 -761.401 5 2
+108000s 368 -952.62 -110.999 5 2
+108000s 369 -160.563 832.837 5 2
+108000s 370 -387.092 -646.791 5 2
+108000s 371 95.7512 -229.577 5 2
+108000s 372 73.0878 -798.411 5 2
+108000s 373 -697.476 -263.969 5 2
+108000s 374 872.763 -41.0646 5 2
+108000s 375 915.612 -309.995 5 2
+108000s 376 258.176 -774.852 5 2
+108000s 377 978.044 -381.923 5 2
+108000s 378 -232.831 184.057 5 2
+108000s 379 -550.443 -905.556 5 2
+108000s 380 448.151 -151.747 5 2
+108000s 381 816.681 -558.097 5 2
+108000s 382 -309.952 -389.572 5 2
+108000s 383 -868.852 643.719 5 2
+108000s 384 -186.126 -614.049 5 2
+108000s 385 -938.655 908.099 5 2
+108000s 386 694.488 -567.131 5 2
+108000s 387 404.399 955.242 5 2
+108000s 388 601.923 -205.3 5 2
+108000s 389 569.777 -909.424 5 2
+108000s 390 605.427 597.469 5 2
+108000s 391 -858.34 -660.182 5 2
+108000s 392 516.249 -151.091 5 2
+108000s 393 16.8317 -469.056 5 2
+108000s 394 868.618 23.0038 5 2
+108000s 395 -594.047 -21.2442 5 2
+108000s 396 -781.63 -382.04 5 2
+108000s 397 534.549 -583.614 5 2
+108000s 398 680.177 -449.233 5 2
+108000s 399 850.123 -337.043 5 2
+108000s 400 654.247 -579.93 5 2
+108000s 401 -696.575 -971.208 5 2
+108000s 402 366.572 -920.114 5 2
+108000s 403 -472.779 851.095 5 2
+108000s 404 -688.812 -18.6213 5 2
+108000s 405 -138.304 -677.873 5 2
+108000s 406 -806.481 -423.071 5 2
+108000s 407 -662.922 883.656 5 2
+108000s 408 -669.171 393.681 5 2
+108000s 409 753.16 295.302 5 2
+108000s 410 -634.698 -807.374 5 2
+108000s 411 672.173 -809.586 5 2
+108000s 412 -503.949 138.651 5 2
+108000s 413 -275.295 500.162 5 2
+108000s 414 409.267 570.344 5 2
+108000s 415 -189.544 -475.45 5 2
+108000s 416 -702.148 -88.1215 5 2
+108000s 417 -42.8165 794.391 5 2
+108000s 418 -246.386 754.566 5 2
+108000s 419 -296.967 221.094 5 2
+108000s 420 649.216 143.551 5 2
+108000s 421 -939.082 406.96 5 2
+108000s 422 550.054 327.434 5 2
+108000s 423 182.891 337.564 5 2
+108000s 424 758.236 508.399 5 2
+108000s 425 79.4436 -961.595 5 2
+108000s 426 -335.857 -32.434 5 2
+108000s 427 278.72 -639.011 5 2
+108000s 428 -21.1945 -114.754 5 2
+108000s 429 -85.0613 -189.33 5 2
+108000s 430 216.865 -982.777 5 2
+108000s 431 456.77 107.369 5 2
+108000s 432 -720.525 687.797 5 2
+108000s 433 -5.35317 346.988 5 2
+108000s 434 -969.739 -678.934 5 2
+108000s 435 -81.3538 -425.458 5 2
+108000s 436 -113.605 900.222 5 2
+108000s 437 217.365 -19.6014 5 2
+108000s 438 -898.205 -982.63 5 2
+108000s 439 569.267 -149.163 5 2
+108000s 440 -949.349 479.586 5 2
+108000s 441 543.402 389.441 5 2
+108000s 442 -271.197 175.709 5 2
+108000s 443 562.125 949.334 5 2
+108000s 444 570.227 -141.892 5 2
+108000s 445 121.722 -868.244 5 2
+108000s 446 -215.839 -592.69 5 2
+108000s 447 -953.802 252.152 5 2
+108000s 448 782.225 -322.461 5 2
+108000s 449 -748.53 17.7327 5 2
+108000s 450 -422.497 833.66 5 2
+108000s 451 975.248 111.148 5 2
+108000s 452 -741.138 -709.939 5 2
+108000s 453 -853.039 -67.2088 5 2
+108000s 454 -10.4712 -54.9231 5 2
+108000s 455 273.627 -892.017 5 2
+108000s 456 -784.449 -187.776 5 2
+108000s 457 266.282 -408.62 5 2
+108000s 458 -720.889 965.826 5 2
+108000s 459 542.968 168.481 5 2
+108000s 460 730.659 -883.466 5 2
+108000s 461 959.984 298.321 5 2
+108000s 462 225.775 915.777 5 2
+108000s 463 -863.675 338.364 5 2
+108000s 464 -593.071 -346.025 5 2
+108000s 465 -549.878 -479.234 5 2
+108000s 466 -226.54 -674.51 5 2
+108000s 467 780.19 353.815 5 2
+108000s 468 417.525 -398.818 5 2
+108000s 469 -212.504 200.091 5 2
+108000s 470 632.543 498.877 5 2
+108000s 471 -939.906 978.948 5 2
+108000s 472 -727.894 359.925 5 2
+108000s 473 -677.262 -114.158 5 2
+108000s 474 -268.896 -197.183 5 2
+108000s 475 -292.887 220.974 5 2
+108000s 476 42.2569 528.389 5 2
+108000s 477 713.323 -266.711 5 2
+108000s 478 -843.563 323.796 5 2
+108000s 479 183.27 647.768 5 2
+108000s 480 445.665 -524.226 5 2
+108000s 481 158.875 -363.027 5 2
+108000s 482 255.368 -302.233 5 14
+108000s 483 -167.426 946.063 5 2
+108000s 484 -710.472 -792.77 5 2
+108000s 485 152.39 -301.09 5 2
+108000s 486 533.623 -383.093 5 2
+108000s 487 -4.89082 -519.549 5 2
+108000s 488 -207.045 -575.304 5 2
+108000s 489 452.639 -227.635 5 2
+108000s 490 298.277 369.066 5 2
+108000s 491 75.0237 -10.1333 5 2
+108000s 492 -509.016 147.852 5 2
+108000s 493 -768.904 -661.083 5 2
+108000s 494 165.167 -717.794 5 2
+108000s 495 -9.41883 -178.931 5 2
+108000s 496 304.597 -205.738 5 2
+108000s 497 31.9597 -273.771 5 2
+108000s 498 807.285 -585.549 5 2
+108000s 499 -262.07 -892.843 5 2
+108000s 500 -119.164 -575.969 5 2
+108000s 501 693.92 635.279 5 2
+108000s 502 992.875 -60.0372 5 2
+108000s 503 642.332 -616.133 5 2
+108000s 504 672.464 15.0457 5 2
+108000s 505 -762.403 -910.856 5 2
+108000s 506 -190.263 577.611 5 2
+108000s 507 -476.634 987.538 5 2
+108000s 508 -825.65 641.699 5 2
+108000s 509 606.89 -952.774 5 2
+108000s 510 855.52 937.041 5 2
+108000s 511 639.093 -367.383 5 2
+108000s 512 -135.327 917.691 5 2
+108000s 513 790.619 -846.293 5 2
+108000s 514 -6.05397 -612.786 5 2
+108000s 515 -602.707 161.81 5 2
+108000s 516 184.028 -830.185 5 2
+108000s 517 -163.073 -19.6475 5 2
+108000s 518 -685.87 718.006 5 2
+108000s 519 78.7001 906.922 5 2
+108000s 520 -719.283 36.5041 5 2
+108000s 521 41.849 -195.098 5 2
+108000s 522 775.492 -933.469 5 2
+108000s 523 712.403 -578.712 5 2
+108000s 524 -292.978 -162.008 5 2
+108000s 525 526.292 -73.4332 5 2
+108000s 526 813.098 348.418 5 2
+108000s 527 -692.097 -37.0915 5 2
+108000s 528 59.538 297.217 5 2
+108000s 529 -288.128 -842.589 5 2
+108000s 530 -839.912 167.149 5 2
+108000s 531 573.247 642.655 5 2
+108000s 532 -204.515 921.895 5 2
+108000s 533 8.65563 620.004 5 2
+108000s 534 -453.578 521.11 5 2
+108000s 535 -440.352 -215.089 5 2
+108000s 536 477.597 182.399 5 2
+108000s 537 -896.75 805.859 5 2
+108000s 538 10.1785 153.226 5 2
+108000s 539 567.318 530.365 5 2
+108000s 540 718.147 409.159 5 2
+108000s 541 -152.79 -951.256 5 2
+108000s 542 732.108 -877.667 5 2
+108000s 543 970.431 43.5369 5 2
+108000s 544 129.977 -373.743 5 2
+108000s 545 -268.326 -480.893 5 2
+108000s 546 570.144 -854.73 5 2
+108000s 547 25.8396 965.014 5 2
+108000s 548 950.083 345.137 5 2
+108000s 549 603.5 235.585 5 2
+108000s 550 864.733 -22.2897 5 2
+108000s 551 -254.577 925.975 5 2
+108000s 552 730.322 -649.113 5 2
+108000s 553 -828.218 134.635 5 2
+108000s 554 758.1 -305.978 5 2
+108000s 555 -72.4032 -99.6965 5 2
+108000s 556 -90.2042 -626.869 5 2
+108000s 557 162.302 977.442 5 2
+108000s 558 -846.833 476.283 5 14
+108000s 559 532.191 533.626 5 2
+108000s 560 -490.556 -271.126 5 2
+108000s 561 118.648 -489.869 5 2
+108000s 562 -865.333 -508.14 5 2
+108000s 563 -413.788 176.095 5 2
+108000s 564 -264.945 395.089 5 2
+108000s 565 963.226 898.076 5 2
+108000s 566 -453.096 -693.254 5 2
+108000s 567 -795.289 468.258 5 2
+108000s 568 914.965 -799.218 5 2
+108000s 569 306.537 36.2812 5 2
+108000s 570 638.617 -307.509 5 2
+108000s 571 -575.005 424.16 5 2
+108000s 572 31.2632 -256.168 5 2
+108000s 573 -227.476 379.451 5 2
+108000s 574 349.859 194.776 5 2
+108000s 575 -118.348 -157.636 5 2
+108000s 576 567.464 752.453 5 2
+108000s 577 770.622 524.844 5 2
+108000s 578 623.325 737.789 5 2
+108000s 579 -216.684 -869.519 5 2
+108000s 580 876.225 622.502 5 2
+108000s 581 -949.891 -249.147 5 2
+108000s 582 175.104 -887.188 5 2
+108000s 583 -97.4721 -416.445 5 2
+108000s 584 598.958 -184.169 5 2
+108000s 585 547.109 -936.128 5 2
+108000s 586 -116.967 -639.567 5 2
+108000s 587 -551.794 550.571 5 2
+108000s 588 -623.571 785.281 5 2
+108000s 589 15.7243 656.36 5 2
+108000s 590 -190.954 34.0563 5 2
+108000s 591 -97.9355 -422.712 5 2
+108000s 592 11.6626 550.477 5 2
+108000s 593 980.814 -849.671 5 2
+108000s 594 -680.702 811.746 5 2
+108000s 595 -253.967 476.822 5 2
+108000s 596 -935.666 102.172 5 2
+108000s 597 697.088 314.51 5 2
+108000s 598 421.957 -702.602 5 2
+108000s 599 -360.994 -888.78 5 2
+108000s 600 -475.911 -536.389 5 2
+108000s 601 -402.654 739.826 5 2
+108000s 602 881.239 211.948 5 2
+108000s 603 361.788 -10.4189 5 2
+108000s 604 107.113 309.506 5 2
+108000s 605 106.088 -786.243 5 2
+108000s 606 657.614 -956.133 5 2
+108000s 607 85.0996 -900.329 5 2
+108000s 608 -579.522 608.05 5 2
+108000s 609 953.623 -84.5269 5 2
+108000s 610 -491.216 671.883 5 2
+108000s 611 661.818 13.5583 5 2
+108000s 612 607.671 -152.6 5 2
+108000s 613 443.879 -821.976 5 2
+108000s 614 -462.287 577.277 5 2
+108000s 615 -577.284 -995.842 5 2
+108000s 616 -208.767 -471.989 5 2
+108000s 617 467.731 -613.394 5 2
+108000s 618 -532.341 -239.863 5 2
+108000s 619 -734.401 -450.537 5 2
+108000s 620 29.8926 -850.78 5 2
+108000s 621 869.05 345.36 5 2
+108000s 622 -75.7715 178.969 5 2
+108000s 623 -207.588 -653.926 5 2
+108000s 624 36.9815 210.631 5 2
+108000s 625 -893.217 -776.357 5 2
+108000s 626 -559.165 -431.393 5 2
+108000s 627 408.721 752.482 5 2
+108000s 628 -193.269 169.108 5 2
+108000s 629 -767.967 -184.597 5 2
+108000s 630 -607.39 -655.311 5 2
+108000s 631 -41.4717 461.359 5 2
+108000s 632 75.2266 50.0058 5 2
+108000s 633 -382.846 -778.762 5 2
+108000s 634 -158.109 518.379 5 2
+108000s 635 711.517 -233.195 5 2
+108000s 636 -803.944 -747.209 5 2
+108000s 637 685.784 -843.363 5 2
+108000s 638 580.124 -662.003 5 2
+108000s 639 65.0801 -792.684 5 2
+108000s 640 539.741 -514.575 5 2
+108000s 641 496.633 312.576 5 2
+108000s 642 469.391 11.9327 5 2
+108000s 643 754.944 261.985 5 2
+108000s 644 -363.227 -887.086 5 2
+108000s 645 495.143 12.2905 5 2
+108000s 646 665.099 629.81 5 2
+108000s 647 613.123 799.285 5 2
+108000s 648 440.378 454.314 5 2
+108000s 649 -215.078 346.163 5 2
+108000s 650 -269.001 -837.253 5 2
+108000s 651 246.918 981.538 5 2
+108000s 652 -369.554 467.035 5 2
+108000s 653 56.4212 728.667 5 2
+108000s 654 518.024 554.948 5 2
+108000s 655 -627.84 710.168 5 2
+108000s 656 605.252 -345.332 5 2
+108000s 657 -637.668 632.745 5 2
+108000s 658 925.301 888.917 5 2
+108000s 659 261.824 -621.695 5 2
+108000s 660 307.414 -605.429 5 2
+108000s 661 -958.801 -906.67 5 2
+108000s 662 566.377 86.7131 5 2
+108000s 663 -967.127 298.038 5 2
+108000s 664 28.1325 575.21 5 2
+108000s 665 -807.189 780.208 5 2
+108000s 666 -192.158 604.814 5 2
+108000s 667 176.115 410.569 5 2
+108000s 668 50.5674 260.312 5 2
+108000s 669 230.407 -642.058 5 2
+108000s 670 624.912 -848.508 5 2
+108000s 671 340.433 720.888 5 2
+108000s 672 -532.35 -635.414 5 2
+108000s 673 -79.1959 -783.821 5 2
+108000s 674 779.99 -874.185 5 2
+108000s 675 221.209 -488.193 5 2
+108000s 676 430.272 -53.5018 5 2
+108000s 677 618.783 -718.175 5 2
+108000s 678 957.068 925.824 5 2
+108000s 679 412.864 804.744 5 2
+108000s 680 144.473 -501.404 5 2
+108000s 681 -340.936 -556.203 5 2
+108000s 682 -149.345 582.913 5 2
+108000s 683 185.091 906.351 5 2
+108000s 684 -318.805 103.748 5 2
+108000s 685 605.829 -37.167 5 2
+108000s 686 -139.956 537.758 5 2
+108000s 687 -404.748 -276.605 5 2
+108000s 688 -200.975 620.874 5 2
+108000s 689 -277.533 -608.235 5 2
+108000s 690 -491.554 8.56413 5 2
+108000s 691 453.372 451.82 5 2
+108000s 692 55.5437 959.294 5 2
+108000s 693 -681.271 -354.314 5 2
+108000s 694 -20.6915 673.723 5 2
+108000s 695 78.7008 -563.099 5 2
+108000s 696 -728.023 -915.694 5 2
+108000s 697 71.8671 682.547 5 2
+108000s 698 -280.94 98.8679 5 2
+108000s 699 -51.7302 -997.596 5 2
+108000s 700 87.5228 497.907 5 2
+108000s 701 779.82 901.39 5 2
+108000s 702 -65.2866 984.701 5 2
+108000s 703 352.858 -883.428 5 2
+108000s 704 238.979 598.39 5 2
+108000s 705 -219.517 697.206 5 2
+108000s 706 271.819 -49.5668 5 2
+108000s 707 -45.603 425.526 5 2
+108000s 708 582.612 168.427 5 2
+108000s 709 -11.7038 -35.9124 5 2
+108000s 710 781.324 318.924 5 2
+108000s 711 47.1301 400.558 5 2
+108000s 712 -674.625 96.4856 5 2
+108000s 713 -798.955 925.045 5 2
+108000s 714 67.6319 -659.802 5 2
+108000s 715 976.214 929.671 5 2
+108000s 716 603.711 -607.654 5 2
+108000s 717 -292.911 -219.496 5 2
+108000s 718 -471.505 -616.677 5 2
+108000s 719 977.569 -506.821 5 2
+108000s 720 499.713 -54.6566 5 2
+108000s 721 -408.056 121.497 5 2
+108000s 722 -958.98 6.4432 5 2
+108000s 723 252.688 731.735 5 2
+108000s 724 82.9533 -165.797 5 2
+108000s 725 728.809 -324.572 5 2
+108000s 726 -676.54 658.091 5 2
+108000s 727 767.118 -150.914 5 2
+108000s 728 -487.669 772.379 5 2
+108000s 729 -902.078 762.483 5 2
+108000s 730 -961.818 271.17 5 2
+108000s 731 207.342 576.786 5 2
+108000s 732 -980.273 -59.2357 5 2
+108000s 733 -120.439 -759.248 5 2
+108000s 734 -837.693 630.916 5 2
+108000s 735 -743.501 299.501 5 2
+108000s 736 327.803 -305.317 5 2
+108000s 737 -789.057 -938.612 5 2
+108000s 738 -163.088 -541.387 5 2
+108000s 739 741.409 -809.646 5 2
+108000s 740 470.429 -253.382 5 2
+108000s 741 0.103577 -284.928 5 2
+108000s 742 -580.545 -195.131 5 2
+108000s 743 479.83 -347.437 5 2
+108000s 744 191.552 70.7816 5 2
+108000s 745 903.159 -61.5041 5 2
+108000s 746 -698.868 -601.471 5 2
+108000s 747 -721.427 -771.969 5 2
+108000s 748 -994.822 -401.945 5 2
+108000s 749 -6.25728 -104.017 5 2
+108000s 750 -289.762 446.654 5 2
+108000s 751 -156.694 -316.322 5 2
+108000s 752 923.718 868.855 5 2
+108000s 753 436.181 -112.852 5 2
+108000s 754 -365.914 -708.847 5 2
+108000s 755 -173.502 -329.45 5 2
+108000s 756 217.394 -579.757 5 2
+108000s 757 -391.388 177.414 5 2
+108000s 758 -855.461 -393.641 5 2
+108000s 759 326.331 -695.992 5 2
+108000s 760 -418.001 -581.29 5 2
+108000s 761 -595.389 738.499 5 2
+108000s 762 142.999 -993.953 5 2
+108000s 763 -470.199 19.5097 5 2
+108000s 764 333.284 427.842 5 2
+108000s 765 -784.754 476.518 5 2
+108000s 766 -731.262 -562.149 5 2
+108000s 767 -403.755 265.398 5 2
+108000s 768 -412.645 -629.526 5 2
+108000s 769 951.69 -78.8892 5 2
+108000s 770 263.791 -619.852 5 2
+108000s 771 668.945 319.168 5 2
+108000s 772 -697.177 -190.794 5 2
+108000s 773 65.5529 377.501 5 2
+108000s 774 -621.144 -748.861 5 2
+108000s 775 644.725 489.625 5 2
+108000s 776 447.793 328.37 5 2
+108000s 777 4.42578 -45.9639 5 2
+108000s 778 474.66 641.683 5 2
+108000s 779 727.613 268.008 5 2
+108000s 780 -376.775 -530.495 5 2
+108000s 781 -886.152 649.276 5 2
+108000s 782 803.134 -91.6244 5 2
+108000s 783 99.8277 -839.057 5 2
+108000s 784 -484.456 -183.927 5 2
+108000s 785 53.8209 688.219 5 2
+108000s 786 886.115 -191.621 5 2
+108000s 787 -356.806 -252.752 5 2
+108000s 788 4.23518 -879.281 5 2
+108000s 789 -740.196 97.1382 5 2
+108000s 790 426.081 -547.528 5 2
+108000s 791 997.94 935.513 5 2
+108000s 792 561.3 -366.285 5 2
+108000s 793 -40.9098 -198.397 5 2
+108000s 794 154.937 686.943 5 2
+108000s 795 134.338 586.821 5 2
+108000s 796 -615.534 -83.701 5 2
+108000s 797 974.726 288.027 5 2
+108000s 798 152.569 629.784 5 2
+108000s 799 661.366 912.865 5 2
+108000s 800 -148.357 -270.486 5 2
+108000s 801 -331.21 355.46 5 2
+108000s 802 776.51 -297.333 5 2
+108000s 803 0.349544 679.24 5 2
+108000s 804 -675.902 -994.342 5 2
+108000s 805 -986.181 171.827 5 2
+108000s 806 -759.886 -600.134 5 2
+108000s 807 595.435 -244.278 5 2
+108000s 808 -751.817 495.772 5 2
+108000s 809 468.605 841.17 5 2
+108000s 810 390.337 -106.715 5 2
+108000s 811 -143.479 -769.7 5 2
+108000s 812 -660.554 293.592 5 2
+108000s 813 -734.804 523.219 5 2
+108000s 814 479.079 -630.722 5 2
+108000s 815 -489.662 769.209 5 2
+108000s 816 825.507 350.785 5 2
+108000s 817 430.372 32.9862 5 2
+108000s 818 -182.965 -867.501 5 2
+108000s 819 -278.546 729.243 5 2
+108000s 820 29.4348 758.146 5 2
+108000s 821 -920.452 702.448 5 2
+108000s 822 931.771 971.578 5 2
+108000s 823 332.541 158.613 5 2
+108000s 824 -125.963 417.906 5 2
+108000s 825 -352.703 595.198 5 2
+108000s 826 -472.383 -434.392 5 2
+108000s 827 -995.933 -401.624 5 2
+108000s 828 691.854 -708.904 5 2
+108000s 829 185.083 491.637 5 2
+108000s 830 -855.002 121.444 5 2
+108000s 831 -338.937 776.521 5 2
+108000s 832 -817.989 -3.62461 5 2
+108000s 833 583.459 -652.709 5 2
+108000s 834 773.014 495.879 5 2
+108000s 835 -439.766 -229.185 5 2
+108000s 836 376.68 391.409 5 2
+108000s 837 791.866 889.931 5 2
+108000s 838 -826.984 -150.291 5 2
+108000s 839 284.355 -230.307 5 2
+108000s 840 575.755 -567.659 5 2
+108000s 841 525.119 974.952 5 2
+108000s 842 -728.878 -334.377 5 2
+108000s 843 -525.092 -264.204 5 2
+108000s 844 -324.721 821.074 5 2
+108000s 845 -214.918 -893.295 5 2
+108000s 846 831.2 -9.25092 5 2
+108000s 847 -891.79 651.081 5 2
+108000s 848 201.57 -806.079 5 2
+108000s 849 -571.963 -940.075 5 2
+108000s 850 -767.358 5.53356 5 2
+108000s 851 265.775 -823.482 5 2
+108000s 852 -966.015 -72.7243 5 2
+108000s 853 853.834 -69.3732 5 2
+108000s 854 -825.081 836.484 5 2
+108000s 855 998.677 -722.44 5 2
+108000s 856 188.505 533.556 5 2
+108000s 857 943.253 -671.095 5 2
+108000s 858 767.848 -847.266 5 2
+108000s 859 -748.506 678.172 5 2
+108000s 860 782.314 540.571 5 2
+108000s 861 894.95 -374.432 5 2
+108000s 862 -572.113 -205.363 5 2
+108000s 863 279.933 -385.875 5 2
+108000s 864 954.065 555.904 5 2
+108000s 865 364.15 -618.528 5 2
+108000s 866 -856.36 673.209 5 2
+108000s 867 -460.335 119.377 5 2
+108000s 868 540.2 -841.886 5 2
+108000s 869 -991.098 373.878 5 2
+108000s 870 59.6449 -671.703 5 2
+108000s 871 834.26 -24.699 5 2
+108000s 872 787.941 -656.518 5 2
+108000s 873 -920.381 374.113 5 2
+108000s 874 -983.936 -705.197 5 2
+108000s 875 -794.252 -78.8463 5 2
+108000s 876 720.32 555.245 5 2
+108000s 877 -212.021 333.374 5 2
+108000s 878 55.6781 -786.082 5 2
+108000s 879 -406.061 851.627 5 2
+108000s 880 469.959 270.436 5 2
+108000s 881 -92.3968 -53.8663 5 2
+108000s 882 -72.2506 567.47 5 2
+108000s 883 464.21 -640.725 5 2
+108000s 884 -453.064 162.256 5 2
+108000s 885 -286.991 967.876 5 2
+108000s 886 592.058 88.6584 5 2
+108000s 887 -837.732 779.012 5 2
+108000s 888 10.0716 592.425 5 2
+108000s 889 -511.753 307.22 5 2
+108000s 890 -994.939 36.6633 5 2
+108000s 891 -661.68 -716.397 5 2
+108000s 892 349.418 -928.635 5 2
+108000s 893 -17.4797 912.62 5 2
+108000s 894 97.8284 293.095 5 2
+108000s 895 -101.012 -864.646 5 2
+108000s 896 707.107 -895.695 5 2
+108000s 897 220.878 -358.35 5 2
+108000s 898 788.841 594.985 5 2
+108000s 899 600.54 -39.6173 5 2
+108000s 900 -216.036 -974.932 5 2
+108000s 901 -753.254 -163.673 5 2
+108000s 902 97.4007 136.229 5 2
+108000s 903 342.139 517.041 5 2
+108000s 904 -264.394 931.433 5 2
+108000s 905 -588.288 -377.869 5 2
+108000s 906 -314.087 -947.622 5 2
+108000s 907 121.29 -888.964 5 2
+108000s 908 -838.694 -166.936 5 2
+108000s 909 -997.663 244.496 5 2
+108000s 910 -72.3448 615.425 5 2
+108000s 911 668.128 164.697 5 2
+108000s 912 912.742 -385.904 5 2
+108000s 913 94.6927 -689.839 5 2
+108000s 914 -0.564169 798.408 5 2
+108000s 915 631.274 -124.942 5 2
+108000s 916 261.08 -809.053 5 2
+108000s 917 -809.267 -324.968 5 2
+108000s 918 -489.247 -919.117 5 2
+108000s 919 127.794 552.108 5 2
+108000s 920 696.569 -719.195 5 2
+108000s 921 722.967 -995.829 5 2
+108000s 922 -316.461 -837.835 5 2
+108000s 923 568.126 27.2293 5 2
+108000s 924 -775.295 -519.804 5 2
+108000s 925 -278.469 -356.098 5 2
+108000s 926 -698.016 465.118 5 2
+108000s 927 523.998 -744.211 5 2
+108000s 928 332.501 251.879 5 2
+108000s 929 766.515 -142.483 5 2
+108000s 930 -486.94 25.712 5 2
+108000s 931 783.093 -739.219 5 2
+108000s 932 161.292 354.862 5 2
+108000s 933 874.786 -960.266 5 2
+108000s 934 353.227 -172.565 5 2
+108000s 935 219.071 -402.015 5 2
+108000s 936 -736.121 446.141 5 2
+108000s 937 239.967 819.643 5 2
+108000s 938 -456.538 151.999 5 2
+108000s 939 796.893 803.965 5 2
+108000s 940 -410.755 -692.829 5 2
+108000s 941 468.252 294.421 5 2
+108000s 942 -632.41 884.964 5 2
+108000s 943 492.376 -660.756 5 2
+108000s 944 -897.754 258.241 5 2
+108000s 945 198.729 -618.86 5 2
+108000s 946 -264.299 991.646 5 2
+108000s 947 -339.321 -412.027 5 2
+108000s 948 -933.794 680.833 5 2
+108000s 949 560.668 559.665 5 2
+108000s 950 824.011 -330.562 5 2
+108000s 951 -687.761 -101.322 5 2
+108000s 952 -323.732 1.70934 5 2
+108000s 953 -131.668 -21.5057 5 2
+108000s 954 259.287 505.961 5 2
+108000s 955 -466.859 -115.5 5 2
+108000s 956 -970.692 223.425 5 2
+108000s 957 192.87 -185.889 5 2
+108000s 958 -8.32989 55.218 5 2
+108000s 959 511.847 514.492 5 2
+108000s 960 -278.662 -404.421 5 2
+108000s 961 -644.871 648.683 5 2
+108000s 962 763.254 305.629 5 2
+108000s 963 897.875 -547.207 5 2
+108000s 964 -205.575 339.038 5 2
+108000s 965 845.594 632.381 5 2
+108000s 966 435.988 366.998 5 2
+108000s 967 -286.797 375.607 5 2
+108000s 968 904.383 996.535 5 2
+108000s 969 -655.386 -318.738 5 2
+108000s 970 125.521 -152.766 5 2
+108000s 971 112.502 -340.484 5 2
+108000s 972 -724.458 -301.227 5 2
+108000s 973 -152.903 672.455 5 2
+108000s 974 -154.246 480.551 5 2
+108000s 975 -20.4332 -885.503 5 2
+108000s 976 -240.513 915.715 5 2
+108000s 977 -73.5422 570.882 5 2
+108000s 978 -122.702 -778.74 5 2
+108000s 979 -678.227 -892.462 5 2
+108000s 980 714.271 -599.165 5 2
+108000s 981 -713.763 23.1445 5 2
+108000s 982 560.485 705.019 5 2
+108000s 983 101.683 855.569 5 2
+108000s 984 -201.952 -388.397 5 2
+108000s 985 -621.991 -198.384 5 2
+108000s 986 159.303 395.727 5 2
+108000s 987 229.559 847.502 5 2
+108000s 988 634.945 -248.215 5 2
+108000s 989 -808.608 523.157 5 2
+108000s 990 131.622 446.884 5 2
+108000s 991 932.214 -295.841 5 2
+108000s 992 265.988 528.562 5 2
+108000s 993 947.11 410.529 5 2
+108000s 994 352.729 -239.619 5 2
+108000s 995 -815.119 123.596 5 2
+108000s 996 -297.669 -790.48 5 2
+108000s 997 -207.904 -924.738 5 2
+108000s 998 849.651 -341.05 5 2
+108000s 999 137.264 -81.1061 5 2
+108000s 1000 365.163 233.442 5 2
