+0s 1 288.8 -186.172 5 14
+0s 2 -346.472 -248.944 5 14
+0s 3 -352.304 -346.71 5 14
+0s 4 317.82 -122.967 5 14
+0s 5 265.551 -365.878 5 14
+0s 6 -291.5 468.016 5 14
+0s 7 -358.191 296.622 5 14
+0s 8 345.853 58.1015 5 14
+0s 9 98.512 -254.616 5 14
+0s 10 -32.6404 -233.399 5 14
+0s 11 -68.4212 -84.9304 5 14
+0s 12 232.862 -372.627 5 14
+0s 13 154.171 142.183 5 14
+0s 14 250.03 -337.15 5 14
+0s 15 124.535 -105.85 5 14
+0s 16 -115.214 -139.713 5 14
+0s 17 -212.737 -456.83 5 14
+0s 18 -427.367 -257.962 5 14
+0s 19 71.1925 477.606 5 14
+0s 20 -285.76 -87.9499 5 14
+0s 21 -217.981 -379.63 5 14
+0s 22 197.141 254.869 5 14
+0s 23 492.832 -313.674 5 14
+0s 24 -396.744 -271.111 5 14
+0s 25 74.6792 -172.987 5 14
+0s 26 221.167 -410.217 5 14
+0s 27 -430.73 20.2049 5 14
+0s 28 167.852 137.686 5 14
+0s 29 78.8252 29.479 5 14
+0s 30 196.77 237.973 5 14
+0s 31 -213.745 -409.564 5 14
+0s 32 13.4296 344.941 5 14
+0s 33 107.958 -206.491 5 14
+0s 34 -78.8361 484.55 5 14
+0s 35 -133.525 -239.148 5 14
+0s 36 73.9447 340.948 5 14
+0s 37 11.0854 -189.196 5 14
+0s 38 -172.14 142.177 5 14
+0s 39 -255.347 313.689 5 14
+0s 40 -428.006 -231.065 5 14
+0s 41 4.52638 451.203 5 14
+0s 42 412.456 13.6445 5 14
+0s 43 420.752 369.577 5 14
+0s 44 -128.331 188.992 5 14
+0s 45 -168.046 30.9619 5 14
+0s 46 -493.73 -281.807 5 14
+0s 47 73.6655 -349.037 5 14
+0s 48 320.645 331.309 5 14
+0s 49 -406.068 318.611 5 14
+0s 50 -163.611 81.4039 5 14
+0s 51 -90.3273 236.395 5 14
+0s 52 -137.914 -87.4237 5 14
+0s 53 327.408 325.422 5 14
+0s 54 224.94 -356.792 5 14
+0s 55 419.205 -148.916 5 14
+0s 56 30.4298 -267.555 5 14
+0s 57 -48.7531 310.746 5 14
+0s 58 -258.887 106.156 5 14
+0s 59 -126.795 -182.415 5 14
+0s 60 468.483 167.434 5 14
+0s 61 450.799 225.582 5 14
+0s 62 -161.685 329.583 5 14
+0s 63 290.224 -106.564 5 14
+0s 64 -444.567 -348.814 5 14
+0s 65 -384.43 -335.159 5 14
+0s 66 -111.302 23.4225 5 14
+0s 67 35.633 -387.884 5 14
+0s 68 31.5114 83.4099 5 14
+0s 69 -266.12 371.5 5 14
+0s 70 -310.125 363.744 5 14
+0s 71 279.737 142.672 5 14
+0s 72 -8.24814 -50.3384 5 14
+0s 73 406.367 202.001 5 14
+0s 74 46.8767 33.3467 5 14
+0s 75 -362.144 282.046 5 14
+0s 76 269.198 -321.327 5 14
+0s 77 -432.112 248.17 5 14
+0s 78 -307.29 477.09 5 14
+0s 79 -321.6 306.159 5 14
+0s 80 486.8 286.421 5 14
+0s 81 -273.885 -160.051 5 14
+0s 82 -185.469 106.61 5 14
+0s 83 -489.937 62.2626 5 14
+0s 84 -81.4947 151.694 5 14
+0s 85 -311.358 490.976 5 14
+0s 86 -311.067 -347.65 5 14
+0s 87 79.3488 -274.201 5 14
+0s 88 -391.901 385.145 5 14
+0s 89 -494.588 84.7868 5 14
+0s 90 -156.466 244.674 5 14
+0s 91 31.4542 -28.8758 5 14
+0s 92 -254.999 -247.593 5 14
+0s 93 -458.32 -419.703 5 14
+0s 94 455.706 -355.484 5 14
+0s 95 -371.154 -139.575 5 14
+0s 96 130.827 -167.277 5 14
+0s 97 33.9915 334.374 5 14
+0s 98 85.3822 -172.832 5 14
+0s 99 73.6948 306.292 5 14
+0s 100 -255.634 394.7 5 14
+216000s 1 288.8 -186.172 5 2
+216000s 2 -346.472 -248.944 5 2
+216000s 3 -352.304 -346.71 5 2
+216000s 4 317.82 -122.967 5 2
+216000s 5 265.551 -365.878 5 2
+216000s 6 -291.5 468.016 5 2
+216000s 7 -358.191 296.622 5 2
+216000s 8 345.853 58.1015 5 2
+216000s 9 98.512 -254.616 5 2
+216000s 10 -32.6404 -233.399 5 2
+216000s 11 -68.4212 -84.9304 5 2
+216000s 12 232.862 -372.627 5 2
+216000s 13 154.171 142.183 5 2
+216000s 14 250.03 -337.15 5 2
+216000s 15 124.535 -105.85 5 2
+216000s 16 -115.214 -139.713 5 2
+216000s 17 -212.737 -456.83 5 2
+216000s 18 -427.367 -257.962 5 2
+216000s 19 71.1925 477.606 5 2
+216000s 20 -285.76 -87.9499 5 2
+216000s 21 -217.981 -379.63 5 2
+216000s 22 197.141 254.869 5 2
+216000s 23 492.832 -313.674 5 2
+216000s 24 -396.744 -271.111 5 2
+216000s 25 74.6792 -172.987 5 2
+216000s 26 221.167 -410.217 5 2
+216000s 27 -430.73 20.2049 5 2
+216000s 28 167.852 137.686 5 2
+216000s 29 78.8252 29.479 5 2
+216000s 30 196.77 237.973 5 2
+216000s 31 -213.745 -409.564 5 2
+216000s 32 13.4296 344.941 5 2
+216000s 33 107.958 -206.491 5 2
+216000s 34 -78.8361 484.55 5 2
+216000s 35 -133.525 -239.148 5 2
+216000s 36 73.9447 340.948 5 2
+216000s 37 11.0854 -189.196 5 2
+216000s 38 -172.14 142.177 5 2
+216000s 39 -255.347 313.689 5 2
+216000s 40 -428.006 -231.065 5 2
+216000s 41 4.52638 451.203 5 2
+216000s 42 412.456 13.6445 5 2
+216000s 43 420.752 369.577 5 2
+216000s 44 -128.331 188.992 5 2
+216000s 45 -168.046 30.9619 5 2
+216000s 46 -493.73 -281.807 5 2
+216000s 47 73.6655 -349.037 5 2
+216000s 48 320.645 331.309 5 2
+216000s 49 -406.068 318.611 5 2
+216000s 50 -163.611 81.4039 5 2
+216000s 51 -90.3273 236.395 5 2
+216000s 52 -137.914 -87.4237 5 2
+216000s 53 327.408 325.422 5 2
+216000s 54 224.94 -356.792 5 2
+216000s 55 419.205 -148.916 5 2
+216000s 56 30.4298 -267.555 5 2
+216000s 57 -48.7531 310.746 5 2
+216000s 58 -258.887 106.156 5 2
+216000s 59 -126.795 -182.415 5 2
+216000s 60 468.483 167.434 5 2
+216000s 61 450.799 225.582 5 2
+216000s 62 -161.685 329.583 5 2
+216000s 63 290.224 -106.564 5 2
+216000s 64 -444.567 -348.814 5 2
+216000s 65 -384.43 -335.159 5 2
+216000s 66 -111.302 23.4225 5 2
+216000s 67 35.633 -387.884 5 2
+216000s 68 31.5114 83.4099 5 2
+216000s 69 -266.12 371.5 5 2
+216000s 70 -310.125 363.744 5 2
+216000s 71 279.737 142.672 5 2
+216000s 72 -8.24814 -50.3384 5 2
+216000s 73 406.367 202.001 5 2
+216000s 74 46.8767 33.3467 5 2
+216000s 75 -362.144 282.046 5 2
+216000s 76 269.198 -321.327 5 2
+216000s 77 -432.112 248.17 5 2
+216000s 78 -307.29 477.09 5 2
+216000s 79 -321.6 306.159 5 2
+216000s 80 486.8 286.421 5 2
+216000s 81 -273.885 -160.051 5 2
+216000s 82 -185.469 106.61 5 2
+216000s 83 -489.937 62.2626 5 2
+216000s 84 -81.4947 151.694 5 2
+216000s 85 -311.358 490.976 5 2
+216000s 86 -311.067 -347.65 5 2
+216000s 87 79.3488 -274.201 5 2
+216000s 88 -391.901 385.145 5 2
+216000s 89 -494.588 84.7868 5 2
+216000s 90 -156.466 244.674 5 2
+216000s 91 31.4542 -28.8758 5 2
+216000s 92 -254.999 -247.593 5 2
+216000s 93 -458.32 -419.703 5 2
+216000s 94 455.706 -355.484 5 2
+216000s 95 -371.154 -139.575 5 2
+216000s 96 130.827 -167.277 5 2
+216000s 97 33.9915 334.374 5 2
+216000s 98 85.3822 -172.832 5 2
+216000s 99 73.6948 306.292 5 2
+216000s 100 -255.634 394.7 5 2
